16 0.0 0.0 0.0 0.0 0.0 0.0
48 0.0 0.0 0.0 0.0 0.0 0.0
80 0.0 0.0 0.0 0.0 0.0 0.0
112 0.0 0.0 0.0 0.0 0.0 0.0
144 0.0 0.0 0.0 0.0 0.0 0.0
176 0.0 0.0 0.0 0.0 0.0 0.0
208 0.0 0.0 0.0 0.0 0.0 0.0
240 0.0 0.0 0.0 0.0 0.0 0.0
272 0.0 0.0 0.0 0.0 0.0 0.0
528 0.0 0.0 0.0 0.0 0.0 0.0
560 0.0 0.0 0.0 0.0 0.0 0.0
592 0.0 0.0 0.0 0.0 0.0 0.0
624 0.0 0.0 0.0 0.0 0.0 0.0
656 0.0 0.0 0.0 0.0 0.0 0.0
688 0.0 0.0 0.0 0.0 0.0 0.0
720 0.0 0.0 0.0 0.0 0.0 0.0
752 0.0 0.0 0.0 0.0 0.0 0.0
784 0.0 0.0 0.0 0.0 0.0 0.0
1040 0.0 0.0 0.0 0.0 0.0 0.0
1072 0.0 0.0 0.0 0.0 0.0 0.0
1104 0.0 0.0 0.0 0.0 0.0 0.0
1136 0.0 0.0 0.0 0.0 0.0 0.0
1168 0.0 0.0 0.0 0.0 0.0 0.0
1200 0.0 0.0 0.0 0.0 0.0 0.0
1232 0.0 0.0 0.0 0.0 0.0 0.0
1264 0.0 0.0 0.0 0.0 0.0 0.0
1296 0.0 0.0 0.0 0.0 0.0 0.0
1552 0.0 0.0 0.0 0.0 0.0 0.0
1584 0.0 0.0 0.0 0.0 0.0 0.0
1616 0.0 0.0 0.0 0.0 0.0 0.0
1648 0.0 0.0 0.0 0.0 0.0 0.0
1680 0.0 0.0 0.0 0.0 0.0 0.0
1712 0.0 0.0 0.0 0.0 0.0 0.0
1744 0.0 0.0 0.0 0.0 0.0 0.0
1776 0.0 0.0 0.0 0.0 0.0 0.0
1808 0.0 0.0 0.0 0.0 0.0 0.0
2064 0.0 0.0 0.0 0.0 0.0 0.0
2096 0.0 0.0 0.0 0.0 0.0 0.0
2128 0.0 0.0 0.0 0.0 0.0 0.0
2160 0.0 0.0 0.0 0.0 0.0 0.0
2192 0.0 0.0 0.0 0.0 0.0 0.0
2224 0.0 0.0 0.0 0.0 0.0 0.0
2256 0.0 0.0 0.0 0.0 0.0 0.0
2288 0.0 0.0 0.0 0.0 0.0 0.0
2320 0.0 0.0 0.0 0.0 0.0 0.0
2576 0.0 0.0 0.0 0.0 0.0 0.0
2608 0.0 0.0 0.0 0.0 0.0 0.0
2640 0.0 0.0 0.0 0.0 0.0 0.0
2672 0.0 0.0 0.0 0.0 0.0 0.0
2704 0.0 0.0 0.0 0.0 0.0 0.0
2736 0.0 0.0 0.0 0.0 0.0 0.0
2768 0.0 0.0 0.0 0.0 0.0 0.0
2800 0.0 0.0 0.0 0.0 0.0 0.0
2832 0.0 0.0 0.0 0.0 0.0 0.0
3088 0.0 0.0 0.0 0.0 0.0 0.0
3120 0.0 0.0 0.0 0.0 0.0 0.0
3152 0.0 0.0 0.0 0.0 0.0 0.0
3184 0.0 0.0 0.0 0.0 0.0 0.0
3216 0.0 0.0 0.0 0.0 0.0 0.0
3248 0.0 0.0 0.0 0.0 0.0 0.0
3280 0.0 0.0 0.0 0.0 0.0 0.0
3312 0.0 0.0 0.0 0.0 0.0 0.0
3344 0.0 0.0 0.0 0.0 0.0 0.0
3600 0.0 0.0 0.0 0.0 0.0 0.0
3632 0.0 0.0 0.0 0.0 0.0 0.0
3664 0.0 0.0 0.0 0.0 0.0 0.0
3696 0.0 0.0 0.0 0.0 0.0 0.0
3728 0.0 0.0 0.0 0.0 0.0 0.0
3760 0.0 0.0 0.0 0.0 0.0 0.0
3792 0.0 0.0 0.0 0.0 0.0 0.0
3824 0.0 0.0 0.0 0.0 0.0 0.0
3856 0.0 0.0 0.0 0.0 0.0 0.0
4112 0.0 0.0 0.0 0.0 0.0 0.0
4144 0.0 0.0 0.0 0.0 0.0 0.0
4176 0.0 0.0 0.0 0.0 0.0 0.0
4208 0.0 0.0 0.0 0.0 0.0 0.0
4240 0.0 0.0 0.0 0.0 0.0 0.0
4272 0.0 0.0 0.0 0.0 0.0 0.0
4304 0.0 0.0 0.0 0.0 0.0 0.0
4336 0.0 0.0 0.0 0.0 0.0 0.0
4368 0.0 0.0 0.0 0.0 0.0 0.0
4624 0.0 0.0 0.0 0.0 0.0 0.0
4656 0.0 0.0 0.0 0.0 0.0 0.0
4688 0.0 0.0 0.0 0.0 0.0 0.0
4720 0.0 0.0 0.0 0.0 0.0 0.0
4752 0.0 0.0 0.0 0.0 0.0 0.0
4784 0.0 0.0 0.0 0.0 0.0 0.0
4816 0.0 0.0 0.0 0.0 0.0 0.0
4848 0.0 0.0 0.0 0.0 0.0 0.0
4880 0.0 0.0 0.0 0.0 0.0 0.0
5136 0.0 0.0 0.0 0.0 0.0 0.0
5168 0.0 0.0 0.0 0.0 0.0 0.0
5200 0.0 0.0 0.0 0.0 0.0 0.0
5232 0.0 0.0 0.0 0.0 0.0 0.0
5264 0.0 0.0 0.0 0.0 0.0 0.0
5296 0.0 0.0 0.0 0.0 0.0 0.0
5328 0.0 0.0 0.0 0.0 0.0 0.0
5360 0.0 0.0 0.0 0.0 0.0 0.0
5392 0.0 0.0 0.0 0.0 0.0 0.0
5648 0.0 0.0 0.0 0.0 0.0 0.0
5680 0.0 0.0 0.0 0.0 0.0 0.0
5712 0.0 0.0 0.0 0.0 0.0 0.0
5744 0.0 0.0 0.0 0.0 0.0 0.0
5776 0.0 0.0 0.0 0.0 0.0 0.0
5808 0.0 0.0 0.0 0.0 0.0 0.0
5840 0.0 0.0 0.0 0.0 0.0 0.0
5872 0.0 0.0 0.0 0.0 0.0 0.0
5904 0.0 0.0 0.0 0.0 0.0 0.0
65552 0.0 0.0 0.0 0.0 0.0 0.0
65584 0.0 0.0 0.0 0.0 0.0 0.0
65616 0.0 0.0 0.0 0.0 0.0 0.0
65648 0.0 0.0 0.0 0.0 0.0 0.0
65680 0.0 0.0 0.0 0.0 0.0 0.0
65712 0.0 0.0 0.0 0.0 0.0 0.0
65744 0.0 0.0 0.0 0.0 0.0 0.0
65776 0.0 0.0 0.0 0.0 0.0 0.0
65808 0.0 0.0 0.0 0.0 0.0 0.0
66064 0.0 0.0 0.0 0.0 0.0 0.0
66096 0.0 0.0 0.0 0.0 0.0 0.0
66128 0.0 0.0 0.0 0.0 0.0 0.0
66160 0.0 0.0 0.0 0.0 0.0 0.0
66192 0.0 0.0 0.0 0.0 0.0 0.0
66224 0.0 0.0 0.0 0.0 0.0 0.0
66256 0.0 0.0 0.0 0.0 0.0 0.0
66288 0.0 0.0 0.0 0.0 0.0 0.0
66320 0.0 0.0 0.0 0.0 0.0 0.0
66576 0.0 0.0 0.0 0.0 0.0 0.0
66608 0.0 0.0 0.0 0.0 0.0 0.0
66640 0.0 0.0 0.0 0.0 0.0 0.0
66672 0.0 0.0 0.0 0.0 0.0 0.0
66704 0.0 0.0 0.0 0.0 0.0 0.0
66736 0.0 0.0 0.0 0.0 0.0 0.0
66768 0.0 0.0 0.0 0.0 0.0 0.0
66800 0.0 0.0 0.0 0.0 0.0 0.0
66832 0.0 0.0 0.0 0.0 0.0 0.0
67088 0.0 0.0 0.0 0.0 0.0 0.0
67120 0.0 0.0 0.0 0.0 0.0 0.0
67152 0.0 0.0 0.0 0.0 0.0 0.0
67184 0.0 0.0 0.0 0.0 0.0 0.0
67216 0.0 0.0 0.0 0.0 0.0 0.0
67248 0.0 0.0 0.0 0.0 0.0 0.0
67280 0.0 0.0 0.0 0.0 0.0 0.0
67312 0.0 0.0 0.0 0.0 0.0 0.0
67344 0.0 0.0 0.0 0.0 0.0 0.0
67600 0.0 0.0 0.0 0.0 0.0 0.0
67632 0.0 0.0 0.0 0.0 0.0 0.0
67664 0.0 0.0 0.0 0.0 0.0 0.0
67696 0.0 0.0 0.0 0.0 0.0 0.0
67728 0.0 0.0 0.0 0.0 0.0 0.0
67760 0.0 0.0 0.0 0.0 0.0 0.0
67792 0.0 0.0 0.0 0.0 0.0 0.0
67824 0.0 0.0 0.0 0.0 0.0 0.0
67856 0.0 0.0 0.0 0.0 0.0 0.0
68112 0.0 0.0 0.0 0.0 0.0 0.0
68144 0.0 0.0 0.0 0.0 0.0 0.0
68176 0.0 0.0 0.0 0.0 0.0 0.0
68208 0.0 0.0 0.0 0.0 0.0 0.0
68240 0.0 0.0 0.0 0.0 0.0 0.0
68272 0.0 0.0 0.0 0.0 0.0 0.0
68304 0.0 0.0 0.0 0.0 0.0 0.0
68336 0.0 0.0 0.0 0.0 0.0 0.0
68368 0.0 0.0 0.0 0.0 0.0 0.0
68624 0.0 0.0 0.0 0.0 0.0 0.0
68656 0.0 0.0 0.0 0.0 0.0 0.0
68688 0.0 0.0 0.0 0.0 0.0 0.0
68720 0.0 0.0 0.0 0.0 0.0 0.0
68752 0.0 0.0 0.0 0.0 0.0 0.0
68784 0.0 0.0 0.0 0.0 0.0 0.0
68816 0.0 0.0 0.0 0.0 0.0 0.0
68848 0.0 0.0 0.0 0.0 0.0 0.0
68880 0.0 0.0 0.0 0.0 0.0 0.0
69136 0.0 0.0 0.0 0.0 0.0 0.0
69168 0.0 0.0 0.0 0.0 0.0 0.0
69200 0.0 0.0 0.0 0.0 0.0 0.0
69232 0.0 0.0 0.0 0.0 0.0 0.0
69264 0.0 0.0 0.0 0.0 0.0 0.0
69296 0.0 0.0 0.0 0.0 0.0 0.0
69328 0.0 0.0 0.0 0.0 0.0 0.0
69360 0.0 0.0 0.0 0.0 0.0 0.0
69392 0.0 0.0 0.0 0.0 0.0 0.0
69648 0.0 0.0 0.0 0.0 0.0 0.0
69680 0.0 0.0 0.0 0.0 0.0 0.0
69712 0.0 0.0 0.0 0.0 0.0 0.0
69744 0.0 0.0 0.0 0.0 0.0 0.0
69776 0.0 0.0 0.0 0.0 0.0 0.0
69808 0.0 0.0 0.0 0.0 0.0 0.0
69840 0.0 0.0 0.0 0.0 0.0 0.0
69872 0.0 0.0 0.0 0.0 0.0 0.0
69904 0.0 0.0 0.0 0.0 0.0 0.0
70160 0.0 0.0 0.0 0.0 0.0 0.0
70192 0.0 0.0 0.0 0.0 0.0 0.0
70224 0.0 0.0 0.0 0.0 0.0 0.0
70256 0.0 0.0 0.0 0.0 0.0 0.0
70288 0.0 0.0 0.0 0.0 0.0 0.0
70320 0.0 0.0 0.0 0.0 0.0 0.0
70352 0.0 0.0 0.0 0.0 0.0 0.0
70384 0.0 0.0 0.0 0.0 0.0 0.0
70416 0.0 0.0 0.0 0.0 0.0 0.0
70672 0.0 0.0 0.0 0.0 0.0 0.0
70704 0.0 0.0 0.0 0.0 0.0 0.0
70736 0.0 0.0 0.0 0.0 0.0 0.0
70768 0.0 0.0 0.0 0.0 0.0 0.0
70800 0.0 0.0 0.0 0.0 0.0 0.0
70832 0.0 0.0 0.0 0.0 0.0 0.0
70864 0.0 0.0 0.0 0.0 0.0 0.0
70896 0.0 0.0 0.0 0.0 0.0 0.0
70928 0.0 0.0 0.0 0.0 0.0 0.0
71184 0.0 0.0 0.0 0.0 0.0 0.0
71216 0.0 0.0 0.0 0.0 0.0 0.0
71248 0.0 0.0 0.0 0.0 0.0 0.0
71280 0.0 0.0 0.0 0.0 0.0 0.0
71312 0.0 0.0 0.0 0.0 0.0 0.0
71344 0.0 0.0 0.0 0.0 0.0 0.0
71376 0.0 0.0 0.0 0.0 0.0 0.0
71408 0.0 0.0 0.0 0.0 0.0 0.0
71440 0.0 0.0 0.0 0.0 0.0 0.0
71696 0.0 0.0 0.0 0.0 0.0 0.0
71728 0.0 0.0 0.0 0.0 0.0 0.0
71760 0.0 0.0 0.0 0.0 0.0 0.0
71792 0.0 0.0 0.0 0.0 0.0 0.0
71824 0.0 0.0 0.0 0.0 0.0 0.0
71856 0.0 0.0 0.0 0.0 0.0 0.0
71888 0.0 0.0 0.0 0.0 0.0 0.0
71920 0.0 0.0 0.0 0.0 0.0 0.0
71952 0.0 0.0 0.0 0.0 0.0 0.0
72208 0.0 0.0 0.0 0.0 0.0 0.0
72240 0.0 0.0 0.0 0.0 0.0 0.0
72272 0.0 0.0 0.0 0.0 0.0 0.0
72304 0.0 0.0 0.0 0.0 0.0 0.0
72336 0.0 0.0 0.0 0.0 0.0 0.0
72368 0.0 0.0 0.0 0.0 0.0 0.0
72400 0.0 0.0 0.0 0.0 0.0 0.0
72432 0.0 0.0 0.0 0.0 0.0 0.0
72464 0.0 0.0 0.0 0.0 0.0 0.0
72720 0.0 0.0 0.0 0.0 0.0 0.0
72752 0.0 0.0 0.0 0.0 0.0 0.0
72784 0.0 0.0 0.0 0.0 0.0 0.0
72816 0.0 0.0 0.0 0.0 0.0 0.0
72848 0.0 0.0 0.0 0.0 0.0 0.0
72880 0.0 0.0 0.0 0.0 0.0 0.0
72912 0.0 0.0 0.0 0.0 0.0 0.0
72944 0.0 0.0 0.0 0.0 0.0 0.0
72976 0.0 0.0 0.0 0.0 0.0 0.0
73232 0.0 0.0 0.0 0.0 0.0 0.0
73264 0.0 0.0 0.0 0.0 0.0 0.0
73296 0.0 0.0 0.0 0.0 0.0 0.0
73328 0.0 0.0 0.0 0.0 0.0 0.0
73360 0.0 0.0 0.0 0.0 0.0 0.0
73392 0.0 0.0 0.0 0.0 0.0 0.0
73424 0.0 0.0 0.0 0.0 0.0 0.0
73456 0.0 0.0 0.0 0.0 0.0 0.0
73488 0.0 0.0 0.0 0.0 0.0 0.0
131088 0.0 0.0 0.0 0.0 0.0 0.0
131120 0.0 0.0 0.0 0.0 0.0 0.0
131152 0.0 0.0 0.0 0.0 0.0 0.0
131184 0.0 0.0 0.0 0.0 0.0 0.0
131216 0.0 0.0 0.0 0.0 0.0 0.0
131248 0.0 0.0 0.0 0.0 0.0 0.0
131280 0.0 0.0 0.0 0.0 0.0 0.0
131312 0.0 0.0 0.0 0.0 0.0 0.0
131344 0.0 0.0 0.0 0.0 0.0 0.0
131600 0.0 0.0 0.0 0.0 0.0 0.0
131632 0.0 0.0 0.0 0.0 0.0 0.0
131664 0.0 0.0 0.0 0.0 0.0 0.0
131696 0.0 0.0 0.0 0.0 0.0 0.0
131728 0.0 0.0 0.0 0.0 0.0 0.0
131760 0.0 0.0 0.0 0.0 0.0 0.0
131792 0.0 0.0 0.0 0.0 0.0 0.0
131824 0.0 0.0 0.0 0.0 0.0 0.0
131856 0.0 0.0 0.0 0.0 0.0 0.0
132112 0.0 0.0 0.0 0.0 0.0 0.0
132144 0.0 0.0 0.0 0.0 0.0 0.0
132176 0.0 0.0 0.0 0.0 0.0 0.0
132208 0.0 0.0 0.0 0.0 0.0 0.0
132240 0.0 0.0 0.0 0.0 0.0 0.0
132272 0.0 0.0 0.0 0.0 0.0 0.0
132304 0.0 0.0 0.0 0.0 0.0 0.0
132336 0.0 0.0 0.0 0.0 0.0 0.0
132368 0.0 0.0 0.0 0.0 0.0 0.0
132624 0.0 0.0 0.0 0.0 0.0 0.0
132656 0.0 0.0 0.0 0.0 0.0 0.0
132688 0.0 0.0 0.0 0.0 0.0 0.0
132720 0.0 0.0 0.0 0.0 0.0 0.0
132752 0.0 0.0 0.0 0.0 0.0 0.0
132784 0.0 0.0 0.0 0.0 0.0 0.0
132816 0.0 0.0 0.0 0.0 0.0 0.0
132848 0.0 0.0 0.0 0.0 0.0 0.0
132880 0.0 0.0 0.0 0.0 0.0 0.0
133136 0.0 0.0 0.0 0.0 0.0 0.0
133168 0.0 0.0 0.0 0.0 0.0 0.0
133200 0.0 0.0 0.0 0.0 0.0 0.0
133232 0.0 0.0 0.0 0.0 0.0 0.0
133264 0.0 0.0 0.0 0.0 0.0 0.0
133296 0.0 0.0 0.0 0.0 0.0 0.0
133328 0.0 0.0 0.0 0.0 0.0 0.0
133360 0.0 0.0 0.0 0.0 0.0 0.0
133392 0.0 0.0 0.0 0.0 0.0 0.0
133648 0.0 0.0 0.0 0.0 0.0 0.0
133680 0.0 0.0 0.0 0.0 0.0 0.0
133712 0.0 0.0 0.0 0.0 0.0 0.0
133744 0.0 0.0 0.0 0.0 0.0 0.0
133776 0.0 0.0 0.0 0.0 0.0 0.0
133808 0.0 0.0 0.0 0.0 0.0 0.0
133840 0.0 0.0 0.0 0.0 0.0 0.0
133872 0.0 0.0 0.0 0.0 0.0 0.0
133904 0.0 0.0 0.0 0.0 0.0 0.0
134160 0.0 0.0 0.0 0.0 0.0 0.0
134192 0.0 0.0 0.0 0.0 0.0 0.0
134224 0.0 0.0 0.0 0.0 0.0 0.0
134256 0.0 0.0 0.0 0.0 0.0 0.0
134288 0.0 0.0 0.0 0.0 0.0 0.0
134320 0.0 0.0 0.0 0.0 0.0 0.0
134352 0.0 0.0 0.0 0.0 0.0 0.0
134384 0.0 0.0 0.0 0.0 0.0 0.0
134416 0.0 0.0 0.0 0.0 0.0 0.0
134672 0.0 0.0 0.0 0.0 0.0 0.0
134704 0.0 0.0 0.0 0.0 0.0 0.0
134736 0.0 0.0 0.0 0.0 0.0 0.0
134768 0.0 0.0 0.0 0.0 0.0 0.0
134800 0.0 0.0 0.0 0.0 0.0 0.0
134832 0.0 0.0 0.0 0.0 0.0 0.0
134864 0.0 0.0 0.0 0.0 0.0 0.0
134896 0.0 0.0 0.0 0.0 0.0 0.0
134928 0.0 0.0 0.0 0.0 0.0 0.0
135184 0.0 0.0 0.0 0.0 0.0 0.0
135216 0.0 0.0 0.0 0.0 0.0 0.0
135248 0.0 0.0 0.0 0.0 0.0 0.0
135280 0.0 0.0 0.0 0.0 0.0 0.0
135312 0.0 0.0 0.0 0.0 0.0 0.0
135344 0.0 0.0 0.0 0.0 0.0 0.0
135376 0.0 0.0 0.0 0.0 0.0 0.0
135408 0.0 0.0 0.0 0.0 0.0 0.0
135440 0.0 0.0 0.0 0.0 0.0 0.0
135696 0.0 0.0 0.0 0.0 0.0 0.0
135728 0.0 0.0 0.0 0.0 0.0 0.0
135760 0.0 0.0 0.0 0.0 0.0 0.0
135792 0.0 0.0 0.0 0.0 0.0 0.0
135824 0.0 0.0 0.0 0.0 0.0 0.0
135856 0.0 0.0 0.0 0.0 0.0 0.0
135888 0.0 0.0 0.0 0.0 0.0 0.0
135920 0.0 0.0 0.0 0.0 0.0 0.0
135952 0.0 0.0 0.0 0.0 0.0 0.0
136208 0.0 0.0 0.0 0.0 0.0 0.0
136240 0.0 0.0 0.0 0.0 0.0 0.0
136272 0.0 0.0 0.0 0.0 0.0 0.0
136304 0.0 0.0 0.0 0.0 0.0 0.0
136336 0.0 0.0 0.0 0.0 0.0 0.0
136368 0.0 0.0 0.0 0.0 0.0 0.0
136400 0.0 0.0 0.0 0.0 0.0 0.0
136432 0.0 0.0 0.0 0.0 0.0 0.0
136464 0.0 0.0 0.0 0.0 0.0 0.0
136720 0.0 0.0 0.0 0.0 0.0 0.0
136752 0.0 0.0 0.0 0.0 0.0 0.0
136784 0.0 0.0 0.0 0.0 0.0 0.0
136816 0.0 0.0 0.0 0.0 0.0 0.0
136848 0.0 0.0 0.0 0.0 0.0 0.0
136880 0.0 0.0 0.0 0.0 0.0 0.0
136912 0.0 0.0 0.0 0.0 0.0 0.0
136944 0.0 0.0 0.0 0.0 0.0 0.0
136976 0.0 0.0 0.0 0.0 0.0 0.0
137232 0.0 0.0 0.0 0.0 0.0 0.0
137264 0.0 0.0 0.0 0.0 0.0 0.0
137296 0.0 0.0 0.0 0.0 0.0 0.0
137328 0.0 0.0 0.0 0.0 0.0 0.0
137360 0.0 0.0 0.0 0.0 0.0 0.0
137392 0.0 0.0 0.0 0.0 0.0 0.0
137424 0.0 0.0 0.0 0.0 0.0 0.0
137456 0.0 0.0 0.0 0.0 0.0 0.0
137488 0.0 0.0 0.0 0.0 0.0 0.0
137744 0.0 0.0 0.0 0.0 0.0 0.0
137776 0.0 0.0 0.0 0.0 0.0 0.0
137808 0.0 0.0 0.0 0.0 0.0 0.0
137840 0.0 0.0 0.0 0.0 0.0 0.0
137872 0.0 0.0 0.0 0.0 0.0 0.0
137904 0.0 0.0 0.0 0.0 0.0 0.0
137936 0.0 0.0 0.0 0.0 0.0 0.0
137968 0.0 0.0 0.0 0.0 0.0 0.0
138000 0.0 0.0 0.0 0.0 0.0 0.0
138256 0.0 0.0 0.0 0.0 0.0 0.0
138288 0.0 0.0 0.0 0.0 0.0 0.0
138320 0.0 0.0 0.0 0.0 0.0 0.0
138352 0.0 0.0 0.0 0.0 0.0 0.0
138384 0.0 0.0 0.0 0.0 0.0 0.0
138416 0.0 0.0 0.0 0.0 0.0 0.0
138448 0.0 0.0 0.0 0.0 0.0 0.0
138480 0.0 0.0 0.0 0.0 0.0 0.0
138512 0.0 0.0 0.0 0.0 0.0 0.0
138768 0.0 0.0 0.0 0.0 0.0 0.0
138800 0.0 0.0 0.0 0.0 0.0 0.0
138832 0.0 0.0 0.0 0.0 0.0 0.0
138864 0.0 0.0 0.0 0.0 0.0 0.0
138896 0.0 0.0 0.0 0.0 0.0 0.0
138928 0.0 0.0 0.0 0.0 0.0 0.0
138960 0.0 0.0 0.0 0.0 0.0 0.0
138992 0.0 0.0 0.0 0.0 0.0 0.0
139024 0.0 0.0 0.0 0.0 0.0 0.0
139280 0.0 0.0 0.0 0.0 0.0 0.0
139312 0.0 0.0 0.0 0.0 0.0 0.0
139344 0.0 0.0 0.0 0.0 0.0 0.0
139376 0.0 0.0 0.0 0.0 0.0 0.0
139408 0.0 0.0 0.0 0.0 0.0 0.0
139440 0.0 0.0 0.0 0.0 0.0 0.0
139472 0.0 0.0 0.0 0.0 0.0 0.0
139504 0.0 0.0 0.0 0.0 0.0 0.0
139536 0.0 0.0 0.0 0.0 0.0 0.0
139792 0.0 0.0 0.0 0.0 0.0 0.0
139824 0.0 0.0 0.0 0.0 0.0 0.0
139856 0.0 0.0 0.0 0.0 0.0 0.0
139888 0.0 0.0 0.0 0.0 0.0 0.0
139920 0.0 0.0 0.0 0.0 0.0 0.0
139952 0.0 0.0 0.0 0.0 0.0 0.0
139984 0.0 0.0 0.0 0.0 0.0 0.0
140016 0.0 0.0 0.0 0.0 0.0 0.0
140048 0.0 0.0 0.0 0.0 0.0 0.0
140304 0.0 0.0 0.0 0.0 0.0 0.0
140336 0.0 0.0 0.0 0.0 0.0 0.0
140368 0.0 0.0 0.0 0.0 0.0 0.0
140400 0.0 0.0 0.0 0.0 0.0 0.0
140432 0.0 0.0 0.0 0.0 0.0 0.0
140464 0.0 0.0 0.0 0.0 0.0 0.0
140496 0.0 0.0 0.0 0.0 0.0 0.0
140528 0.0 0.0 0.0 0.0 0.0 0.0
140560 0.0 0.0 0.0 0.0 0.0 0.0
140816 0.0 0.0 0.0 0.0 0.0 0.0
140848 0.0 0.0 0.0 0.0 0.0 0.0
140880 0.0 0.0 0.0 0.0 0.0 0.0
140912 0.0 0.0 0.0 0.0 0.0 0.0
140944 0.0 0.0 0.0 0.0 0.0 0.0
140976 0.0 0.0 0.0 0.0 0.0 0.0
141008 0.0 0.0 0.0 0.0 0.0 0.0
141040 0.0 0.0 0.0 0.0 0.0 0.0
141072 0.0 0.0 0.0 0.0 0.0 0.0
16974336 0.0 0.0 0.0 0.0 0.0 0.0
16975360 0.0 0.0 0.0 0.0 0.0 0.0
16976384 0.0 0.0 0.0 0.0 0.0 0.0
16977408 0.0 0.0 0.0 0.0 0.0 0.0
16978432 0.0 0.0 0.0 0.0 0.0 0.0
16979456 0.0 0.0 0.0 0.0 0.0 0.0
16980480 0.0 0.0 0.0 0.0 0.0 0.0
16981504 0.0 0.0 0.0 0.0 0.0 0.0
16982528 0.0 0.0 0.0 0.0 0.0 0.0
16983552 0.0 0.0 0.0 0.0 0.0 0.0
16984576 0.0 0.0 0.0 0.0 0.0 0.0
16985600 0.0 0.0 0.0 0.0 0.0 0.0
16990720 0.0 0.0 0.0 0.0 0.0 0.0
16991744 0.0 0.0 0.0 0.0 0.0 0.0
16992768 0.0 0.0 0.0 0.0 0.0 0.0
16993792 0.0 0.0 0.0 0.0 0.0 0.0
16994816 0.0 0.0 0.0 0.0 0.0 0.0
16995840 0.0 0.0 0.0 0.0 0.0 0.0
16996864 0.0 0.0 0.0 0.0 0.0 0.0
16997888 0.0 0.0 0.0 0.0 0.0 0.0
16998912 0.0 0.0 0.0 0.0 0.0 0.0
16999936 0.0 0.0 0.0 0.0 0.0 0.0
17000960 0.0 0.0 0.0 0.0 0.0 0.0
17001984 0.0 0.0 0.0 0.0 0.0 0.0
17007104 0.0 0.0 0.0 0.0 0.0 0.0
17008128 0.0 0.0 0.0 0.0 0.0 0.0
17009152 0.0 0.0 0.0 0.0 0.0 0.0
17010176 0.0 0.0 0.0 0.0 0.0 0.0
17011200 0.0 0.0 0.0 0.0 0.0 0.0
17012224 0.0 0.0 0.0 0.0 0.0 0.0
17013248 0.0 0.0 0.0 0.0 0.0 0.0
17014272 0.0 0.0 0.0 0.0 0.0 0.0
17015296 0.0 0.0 0.0 0.0 0.0 0.0
17016320 0.0 0.0 0.0 0.0 0.0 0.0
17017344 0.0 0.0 0.0 0.0 0.0 0.0
17018368 0.0 0.0 0.0 0.0 0.0 0.0
17023488 0.0 0.0 0.0 0.0 0.0 0.0
17024512 0.0 0.0 0.0 0.0 0.0 0.0
17025536 0.0 0.0 0.0 0.0 0.0 0.0
17026560 0.0 0.0 0.0 0.0 0.0 0.0
17027584 0.0 0.0 0.0 0.0 0.0 0.0
17028608 0.0 0.0 0.0 0.0 0.0 0.0
17029632 0.0 0.0 0.0 0.0 0.0 0.0
17030656 0.0 0.0 0.0 0.0 0.0 0.0
17031680 0.0 0.0 0.0 0.0 0.0 0.0
17032704 0.0 0.0 0.0 0.0 0.0 0.0
17033728 0.0 0.0 0.0 0.0 0.0 0.0
17034752 0.0 0.0 0.0 0.0 0.0 0.0
17039872 0.0 0.0 0.0 0.0 0.0 0.0
17040896 0.0 0.0 0.0 0.0 0.0 0.0
17041920 0.0 0.0 0.0 0.0 0.0 0.0
17042944 0.0 0.0 0.0 0.0 0.0 0.0
17043968 0.0 0.0 0.0 0.0 0.0 0.0
17044992 0.0 0.0 0.0 0.0 0.0 0.0
17046016 0.0 0.0 0.0 0.0 0.0 0.0
17047040 0.0 0.0 0.0 0.0 0.0 0.0
17048064 0.0 0.0 0.0 0.0 0.0 0.0
17049088 0.0 0.0 0.0 0.0 0.0 0.0
17050112 0.0 0.0 0.0 0.0 0.0 0.0
17051136 0.0 0.0 0.0 0.0 0.0 0.0
17056256 0.0 0.0 0.0 0.0 0.0 0.0
17057280 0.0 0.0 0.0 0.0 0.0 0.0
17058304 0.0 0.0 0.0 0.0 0.0 0.0
17059328 0.0 0.0 0.0 0.0 0.0 0.0
17060352 0.0 0.0 0.0 0.0 0.0 0.0
17061376 0.0 0.0 0.0 0.0 0.0 0.0
17062400 0.0 0.0 0.0 0.0 0.0 0.0
17063424 0.0 0.0 0.0 0.0 0.0 0.0
17064448 0.0 0.0 0.0 0.0 0.0 0.0
17065472 0.0 0.0 0.0 0.0 0.0 0.0
17066496 0.0 0.0 0.0 0.0 0.0 0.0
17067520 0.0 0.0 0.0 0.0 0.0 0.0
17072640 0.0 0.0 0.0 0.0 0.0 0.0
17073664 0.0 0.0 0.0 0.0 0.0 0.0
17074688 0.0 0.0 0.0 0.0 0.0 0.0
17075712 0.0 0.0 0.0 0.0 0.0 0.0
17076736 0.0 0.0 0.0 0.0 0.0 0.0
17077760 0.0 0.0 0.0 0.0 0.0 0.0
17078784 0.0 0.0 0.0 0.0 0.0 0.0
17079808 0.0 0.0 0.0 0.0 0.0 0.0
17080832 0.0 0.0 0.0 0.0 0.0 0.0
17081856 0.0 0.0 0.0 0.0 0.0 0.0
17082880 0.0 0.0 0.0 0.0 0.0 0.0
17083904 0.0 0.0 0.0 0.0 0.0 0.0
17089024 0.0 0.0 0.0 0.0 0.0 0.0
17090048 0.0 0.0 0.0 0.0 0.0 0.0
17091072 0.0 0.0 0.0 0.0 0.0 0.0
17092096 0.0 0.0 0.0 0.0 0.0 0.0
17093120 0.0 0.0 0.0 0.0 0.0 0.0
17094144 0.0 0.0 0.0 0.0 0.0 0.0
17095168 0.0 0.0 0.0 0.0 0.0 0.0
17096192 0.0 0.0 0.0 0.0 0.0 0.0
17097216 0.0 0.0 0.0 0.0 0.0 0.0
17098240 0.0 0.0 0.0 0.0 0.0 0.0
17099264 0.0 0.0 0.0 0.0 0.0 0.0
17100288 0.0 0.0 0.0 0.0 0.0 0.0
17105408 0.0 0.0 0.0 0.0 0.0 0.0
17106432 0.0 0.0 0.0 0.0 0.0 0.0
17107456 0.0 0.0 0.0 0.0 0.0 0.0
17108480 0.0 0.0 0.0 0.0 0.0 0.0
17109504 0.0 0.0 0.0 0.0 0.0 0.0
17110528 0.0 0.0 0.0 0.0 0.0 0.0
17111552 0.0 0.0 0.0 0.0 0.0 0.0
17112576 0.0 0.0 0.0 0.0 0.0 0.0
17113600 0.0 0.0 0.0 0.0 0.0 0.0
17114624 0.0 0.0 0.0 0.0 0.0 0.0
17115648 0.0 0.0 0.0 0.0 0.0 0.0
17116672 0.0 0.0 0.0 0.0 0.0 0.0
17117696 0.0 0.0 0.0 0.0 0.0 0.0
17118720 0.0 0.0 0.0 0.0 0.0 0.0
17119744 0.0 0.0 0.0 0.0 0.0 0.0
17120768 0.0 0.0 0.0 0.0 0.0 0.0
17121792 0.0 0.0 0.0 0.0 0.0 0.0
17122816 0.0 0.0 0.0 0.0 0.0 0.0
17123840 0.0 0.0 0.0 0.0 0.0 0.0
17124864 0.0 0.0 0.0 0.0 0.0 0.0
17125888 0.0 0.0 0.0 0.0 0.0 0.0
17126912 0.0 0.0 0.0 0.0 0.0 0.0
17127936 0.0 0.0 0.0 0.0 0.0 0.0
17128960 0.0 0.0 0.0 0.0 0.0 0.0
17129984 0.0 0.0 0.0 0.0 0.0 0.0
17131008 0.0 0.0 0.0 0.0 0.0 0.0
17132032 0.0 0.0 0.0 0.0 0.0 0.0
17133056 0.0 0.0 0.0 0.0 0.0 0.0
17134080 0.0 0.0 0.0 0.0 0.0 0.0
17135104 0.0 0.0 0.0 0.0 0.0 0.0
17136128 0.0 0.0 0.0 0.0 0.0 0.0
17137152 0.0 0.0 0.0 0.0 0.0 0.0
17138176 0.0 0.0 0.0 0.0 0.0 0.0
17139200 0.0 0.0 0.0 0.0 0.0 0.0
17140224 0.0 0.0 0.0 0.0 0.0 0.0
17141248 0.0 0.0 0.0 0.0 0.0 0.0
17142272 0.0 0.0 0.0 0.0 0.0 0.0
17143296 0.0 0.0 0.0 0.0 0.0 0.0
17144320 0.0 0.0 0.0 0.0 0.0 0.0
17145344 0.0 0.0 0.0 0.0 0.0 0.0
17146368 0.0 0.0 0.0 0.0 0.0 0.0
17147392 0.0 0.0 0.0 0.0 0.0 0.0
17148416 0.0 0.0 0.0 0.0 0.0 0.0
17149440 0.0 0.0 0.0 0.0 0.0 0.0
17150464 0.0 0.0 0.0 0.0 0.0 0.0
17151488 0.0 0.0 0.0 0.0 0.0 0.0
17152512 0.0 0.0 0.0 0.0 0.0 0.0
17153536 0.0 0.0 0.0 0.0 0.0 0.0
17154560 0.0 0.0 0.0 0.0 0.0 0.0
17155584 0.0 0.0 0.0 0.0 0.0 0.0
17156608 0.0 0.0 0.0 0.0 0.0 0.0
17157632 0.0 0.0 0.0 0.0 0.0 0.0
17158656 0.0 0.0 0.0 0.0 0.0 0.0
17159680 0.0 0.0 0.0 0.0 0.0 0.0
17160704 0.0 0.0 0.0 0.0 0.0 0.0
17161728 0.0 0.0 0.0 0.0 0.0 0.0
17162752 0.0 0.0 0.0 0.0 0.0 0.0
17163776 0.0 0.0 0.0 0.0 0.0 0.0
17164800 0.0 0.0 0.0 0.0 0.0 0.0
17165824 0.0 0.0 0.0 0.0 0.0 0.0
17166848 0.0 0.0 0.0 0.0 0.0 0.0
17167872 0.0 0.0 0.0 0.0 0.0 0.0
17168896 0.0 0.0 0.0 0.0 0.0 0.0
17169920 0.0 0.0 0.0 0.0 0.0 0.0
17170944 0.0 0.0 0.0 0.0 0.0 0.0
17171968 0.0 0.0 0.0 0.0 0.0 0.0
17172992 0.0 0.0 0.0 0.0 0.0 0.0
17174016 0.0 0.0 0.0 0.0 0.0 0.0
17175040 0.0 0.0 0.0 0.0 0.0 0.0
17176064 0.0 0.0 0.0 0.0 0.0 0.0
17177088 0.0 0.0 0.0 0.0 0.0 0.0
17178112 0.0 0.0 0.0 0.0 0.0 0.0
17179136 0.0 0.0 0.0 0.0 0.0 0.0
17180160 0.0 0.0 0.0 0.0 0.0 0.0
17181184 0.0 0.0 0.0 0.0 0.0 0.0
17182208 0.0 0.0 0.0 0.0 0.0 0.0
17183232 0.0 0.0 0.0 0.0 0.0 0.0
17184256 0.0 0.0 0.0 0.0 0.0 0.0
17185280 0.0 0.0 0.0 0.0 0.0 0.0
17186304 0.0 0.0 0.0 0.0 0.0 0.0
17187328 0.0 0.0 0.0 0.0 0.0 0.0
17188352 0.0 0.0 0.0 0.0 0.0 0.0
17189376 0.0 0.0 0.0 0.0 0.0 0.0
17190400 0.0 0.0 0.0 0.0 0.0 0.0
17191424 0.0 0.0 0.0 0.0 0.0 0.0
17192448 0.0 0.0 0.0 0.0 0.0 0.0
17193472 0.0 0.0 0.0 0.0 0.0 0.0
17194496 0.0 0.0 0.0 0.0 0.0 0.0
17195520 0.0 0.0 0.0 0.0 0.0 0.0
17196544 0.0 0.0 0.0 0.0 0.0 0.0
17197568 0.0 0.0 0.0 0.0 0.0 0.0
17198592 0.0 0.0 0.0 0.0 0.0 0.0
17199616 0.0 0.0 0.0 0.0 0.0 0.0
17200640 0.0 0.0 0.0 0.0 0.0 0.0
17201664 0.0 0.0 0.0 0.0 0.0 0.0
17202688 0.0 0.0 0.0 0.0 0.0 0.0
17203712 0.0 0.0 0.0 0.0 0.0 0.0
17204736 0.0 0.0 0.0 0.0 0.0 0.0
17205760 0.0 0.0 0.0 0.0 0.0 0.0
17206784 0.0 0.0 0.0 0.0 0.0 0.0
17207808 0.0 0.0 0.0 0.0 0.0 0.0
17208832 0.0 0.0 0.0 0.0 0.0 0.0
17209856 0.0 0.0 0.0 0.0 0.0 0.0
17210880 0.0 0.0 0.0 0.0 0.0 0.0
17211904 0.0 0.0 0.0 0.0 0.0 0.0
17212928 0.0 0.0 0.0 0.0 0.0 0.0
17213952 0.0 0.0 0.0 0.0 0.0 0.0
17214976 0.0 0.0 0.0 0.0 0.0 0.0
17216000 0.0 0.0 0.0 0.0 0.0 0.0
17217024 0.0 0.0 0.0 0.0 0.0 0.0
17218048 0.0 0.0 0.0 0.0 0.0 0.0
17219072 0.0 0.0 0.0 0.0 0.0 0.0
17220096 0.0 0.0 0.0 0.0 0.0 0.0
17221120 0.0 0.0 0.0 0.0 0.0 0.0
17222144 0.0 0.0 0.0 0.0 0.0 0.0
17223168 0.0 0.0 0.0 0.0 0.0 0.0
17224192 0.0 0.0 0.0 0.0 0.0 0.0
17225216 0.0 0.0 0.0 0.0 0.0 0.0
17226240 0.0 0.0 0.0 0.0 0.0 0.0
17227264 0.0 0.0 0.0 0.0 0.0 0.0
17228288 0.0 0.0 0.0 0.0 0.0 0.0
17229312 0.0 0.0 0.0 0.0 0.0 0.0
17230336 0.0 0.0 0.0 0.0 0.0 0.0
17231360 0.0 0.0 0.0 0.0 0.0 0.0
17232384 0.0 0.0 0.0 0.0 0.0 0.0
17233408 0.0 0.0 0.0 0.0 0.0 0.0
17234432 0.0 0.0 0.0 0.0 0.0 0.0
17235456 0.0 0.0 0.0 0.0 0.0 0.0
34013184 0.0 0.0 0.0 0.0 0.0 0.0
34078720 0.0 0.0 0.0 0.0 0.0 0.0
34144256 0.0 0.0 0.0 0.0 0.0 0.0
34209792 0.0 0.0 0.0 0.0 0.0 0.0
34275328 0.0 0.0 0.0 0.0 0.0 0.0
34340864 0.0 0.0 0.0 0.0 0.0 0.0
34406400 0.0 0.0 0.0 0.0 0.0 0.0
34471936 0.0 0.0 0.0 0.0 0.0 0.0
34537472 0.0 0.0 0.0 0.0 0.0 0.0
34603008 0.0 0.0 0.0 0.0 0.0 0.0
34668544 0.0 0.0 0.0 0.0 0.0 0.0
34734080 0.0 0.0 0.0 0.0 0.0 0.0
34799616 0.0 0.0 0.0 0.0 0.0 0.0
34865152 0.0 0.0 0.0 0.0 0.0 0.0
34930688 0.0 0.0 0.0 0.0 0.0 0.0
34996224 0.0 0.0 0.0 0.0 0.0 0.0
35061760 0.0 0.0 0.0 0.0 0.0 0.0
35127296 0.0 0.0 0.0 0.0 0.0 0.0
35192832 0.0 0.0 0.0 0.0 0.0 0.0
35258368 0.0 0.0 0.0 0.0 0.0 0.0
35323904 0.0 0.0 0.0 0.0 0.0 0.0
35389440 0.0 0.0 0.0 0.0 0.0 0.0
35454976 0.0 0.0 0.0 0.0 0.0 0.0
35520512 0.0 0.0 0.0 0.0 0.0 0.0
35586048 0.0 0.0 0.0 0.0 0.0 0.0
35651584 0.0 0.0 0.0 0.0 0.0 0.0
35717120 0.0 0.0 0.0 0.0 0.0 0.0
35782656 0.0 0.0 0.0 0.0 0.0 0.0
35848192 0.0 0.0 0.0 0.0 0.0 0.0
35913728 0.0 0.0 0.0 0.0 0.0 0.0
35979264 0.0 0.0 0.0 0.0 0.0 0.0
36044800 0.0 0.0 0.0 0.0 0.0 0.0
36110336 0.0 0.0 0.0 0.0 0.0 0.0
36175872 0.0 0.0 0.0 0.0 0.0 0.0
36241408 0.0 0.0 0.0 0.0 0.0 0.0
36306944 0.0 0.0 0.0 0.0 0.0 0.0
36372480 0.0 0.0 0.0 0.0 0.0 0.0
36438016 0.0 0.0 0.0 0.0 0.0 0.0
36503552 0.0 0.0 0.0 0.0 0.0 0.0
36569088 0.0 0.0 0.0 0.0 0.0 0.0
36634624 0.0 0.0 0.0 0.0 0.0 0.0
36700160 0.0 0.0 0.0 0.0 0.0 0.0
36765696 0.0 0.0 0.0 0.0 0.0 0.0
36831232 0.0 0.0 0.0 0.0 0.0 0.0
36896768 0.0 0.0 0.0 0.0 0.0 0.0
36962304 0.0 0.0 0.0 0.0 0.0 0.0
37027840 0.0 0.0 0.0 0.0 0.0 0.0
37093376 0.0 0.0 0.0 0.0 0.0 0.0
34013440 0.0 0.0 0.0 0.0 0.0 0.0
34078976 0.0 0.0 0.0 0.0 0.0 0.0
34144512 0.0 0.0 0.0 0.0 0.0 0.0
34210048 0.0 0.0 0.0 0.0 0.0 0.0
34275584 0.0 0.0 0.0 0.0 0.0 0.0
34341120 0.0 0.0 0.0 0.0 0.0 0.0
34406656 0.0 0.0 0.0 0.0 0.0 0.0
34472192 0.0 0.0 0.0 0.0 0.0 0.0
34537728 0.0 0.0 0.0 0.0 0.0 0.0
34603264 0.0 0.0 0.0 0.0 0.0 0.0
34668800 0.0 0.0 0.0 0.0 0.0 0.0
34734336 0.0 0.0 0.0 0.0 0.0 0.0
34799872 0.0 0.0 0.0 0.0 0.0 0.0
34865408 0.0 0.0 0.0 0.0 0.0 0.0
34930944 0.0 0.0 0.0 0.0 0.0 0.0
34996480 0.0 0.0 0.0 0.0 0.0 0.0
35062016 0.0 0.0 0.0 0.0 0.0 0.0
35127552 0.0 0.0 0.0 0.0 0.0 0.0
35193088 0.0 0.0 0.0 0.0 0.0 0.0
35258624 0.0 0.0 0.0 0.0 0.0 0.0
35324160 0.0 0.0 0.0 0.0 0.0 0.0
35389696 0.0 0.0 0.0 0.0 0.0 0.0
35455232 0.0 0.0 0.0 0.0 0.0 0.0
35520768 0.0 0.0 0.0 0.0 0.0 0.0
35586304 0.0 0.0 0.0 0.0 0.0 0.0
35651840 0.0 0.0 0.0 0.0 0.0 0.0
35717376 0.0 0.0 0.0 0.0 0.0 0.0
35782912 0.0 0.0 0.0 0.0 0.0 0.0
35848448 0.0 0.0 0.0 0.0 0.0 0.0
35913984 0.0 0.0 0.0 0.0 0.0 0.0
35979520 0.0 0.0 0.0 0.0 0.0 0.0
36045056 0.0 0.0 0.0 0.0 0.0 0.0
36110592 0.0 0.0 0.0 0.0 0.0 0.0
36176128 0.0 0.0 0.0 0.0 0.0 0.0
36241664 0.0 0.0 0.0 0.0 0.0 0.0
36307200 0.0 0.0 0.0 0.0 0.0 0.0
36372736 0.0 0.0 0.0 0.0 0.0 0.0
36438272 0.0 0.0 0.0 0.0 0.0 0.0
36503808 0.0 0.0 0.0 0.0 0.0 0.0
36569344 0.0 0.0 0.0 0.0 0.0 0.0
36634880 0.0 0.0 0.0 0.0 0.0 0.0
36700416 0.0 0.0 0.0 0.0 0.0 0.0
36765952 0.0 0.0 0.0 0.0 0.0 0.0
36831488 0.0 0.0 0.0 0.0 0.0 0.0
36897024 0.0 0.0 0.0 0.0 0.0 0.0
36962560 0.0 0.0 0.0 0.0 0.0 0.0
37028096 0.0 0.0 0.0 0.0 0.0 0.0
37093632 0.0 0.0 0.0 0.0 0.0 0.0
34013696 0.0 0.0 0.0 0.0 0.0 0.0
34079232 0.0 0.0 0.0 0.0 0.0 0.0
34144768 0.0 0.0 0.0 0.0 0.0 0.0
34210304 0.0 0.0 0.0 0.0 0.0 0.0
34275840 0.0 0.0 0.0 0.0 0.0 0.0
34341376 0.0 0.0 0.0 0.0 0.0 0.0
34406912 0.0 0.0 0.0 0.0 0.0 0.0
34472448 0.0 0.0 0.0 0.0 0.0 0.0
34537984 0.0 0.0 0.0 0.0 0.0 0.0
34603520 0.0 0.0 0.0 0.0 0.0 0.0
34669056 0.0 0.0 0.0 0.0 0.0 0.0
34734592 0.0 0.0 0.0 0.0 0.0 0.0
34800128 0.0 0.0 0.0 0.0 0.0 0.0
34865664 0.0 0.0 0.0 0.0 0.0 0.0
34931200 0.0 0.0 0.0 0.0 0.0 0.0
34996736 0.0 0.0 0.0 0.0 0.0 0.0
35062272 0.0 0.0 0.0 0.0 0.0 0.0
35127808 0.0 0.0 0.0 0.0 0.0 0.0
35193344 0.0 0.0 0.0 0.0 0.0 0.0
35258880 0.0 0.0 0.0 0.0 0.0 0.0
35324416 0.0 0.0 0.0 0.0 0.0 0.0
35389952 0.0 0.0 0.0 0.0 0.0 0.0
35455488 0.0 0.0 0.0 0.0 0.0 0.0
35521024 0.0 0.0 0.0 0.0 0.0 0.0
35586560 0.0 0.0 0.0 0.0 0.0 0.0
35652096 0.0 0.0 0.0 0.0 0.0 0.0
35717632 0.0 0.0 0.0 0.0 0.0 0.0
35783168 0.0 0.0 0.0 0.0 0.0 0.0
35848704 0.0 0.0 0.0 0.0 0.0 0.0
35914240 0.0 0.0 0.0 0.0 0.0 0.0
35979776 0.0 0.0 0.0 0.0 0.0 0.0
36045312 0.0 0.0 0.0 0.0 0.0 0.0
36110848 0.0 0.0 0.0 0.0 0.0 0.0
36176384 0.0 0.0 0.0 0.0 0.0 0.0
36241920 0.0 0.0 0.0 0.0 0.0 0.0
36307456 0.0 0.0 0.0 0.0 0.0 0.0
36372992 0.0 0.0 0.0 0.0 0.0 0.0
36438528 0.0 0.0 0.0 0.0 0.0 0.0
36504064 0.0 0.0 0.0 0.0 0.0 0.0
36569600 0.0 0.0 0.0 0.0 0.0 0.0
36635136 0.0 0.0 0.0 0.0 0.0 0.0
36700672 0.0 0.0 0.0 0.0 0.0 0.0
36766208 0.0 0.0 0.0 0.0 0.0 0.0
36831744 0.0 0.0 0.0 0.0 0.0 0.0
36897280 0.0 0.0 0.0 0.0 0.0 0.0
36962816 0.0 0.0 0.0 0.0 0.0 0.0
37028352 0.0 0.0 0.0 0.0 0.0 0.0
37093888 0.0 0.0 0.0 0.0 0.0 0.0
34013952 0.0 0.0 0.0 0.0 0.0 0.0
34079488 0.0 0.0 0.0 0.0 0.0 0.0
34145024 0.0 0.0 0.0 0.0 0.0 0.0
34210560 0.0 0.0 0.0 0.0 0.0 0.0
34276096 0.0 0.0 0.0 0.0 0.0 0.0
34341632 0.0 0.0 0.0 0.0 0.0 0.0
34407168 0.0 0.0 0.0 0.0 0.0 0.0
34472704 0.0 0.0 0.0 0.0 0.0 0.0
34538240 0.0 0.0 0.0 0.0 0.0 0.0
34603776 0.0 0.0 0.0 0.0 0.0 0.0
34669312 0.0 0.0 0.0 0.0 0.0 0.0
34734848 0.0 0.0 0.0 0.0 0.0 0.0
34800384 0.0 0.0 0.0 0.0 0.0 0.0
34865920 0.0 0.0 0.0 0.0 0.0 0.0
34931456 0.0 0.0 0.0 0.0 0.0 0.0
34996992 0.0 0.0 0.0 0.0 0.0 0.0
35062528 0.0 0.0 0.0 0.0 0.0 0.0
35128064 0.0 0.0 0.0 0.0 0.0 0.0
35193600 0.0 0.0 0.0 0.0 0.0 0.0
35259136 0.0 0.0 0.0 0.0 0.0 0.0
35324672 0.0 0.0 0.0 0.0 0.0 0.0
35390208 0.0 0.0 0.0 0.0 0.0 0.0
35455744 0.0 0.0 0.0 0.0 0.0 0.0
35521280 0.0 0.0 0.0 0.0 0.0 0.0
35586816 0.0 0.0 0.0 0.0 0.0 0.0
35652352 0.0 0.0 0.0 0.0 0.0 0.0
35717888 0.0 0.0 0.0 0.0 0.0 0.0
35783424 0.0 0.0 0.0 0.0 0.0 0.0
35848960 0.0 0.0 0.0 0.0 0.0 0.0
35914496 0.0 0.0 0.0 0.0 0.0 0.0
35980032 0.0 0.0 0.0 0.0 0.0 0.0
36045568 0.0 0.0 0.0 0.0 0.0 0.0
36111104 0.0 0.0 0.0 0.0 0.0 0.0
36176640 0.0 0.0 0.0 0.0 0.0 0.0
36242176 0.0 0.0 0.0 0.0 0.0 0.0
36307712 0.0 0.0 0.0 0.0 0.0 0.0
36373248 0.0 0.0 0.0 0.0 0.0 0.0
36438784 0.0 0.0 0.0 0.0 0.0 0.0
36504320 0.0 0.0 0.0 0.0 0.0 0.0
36569856 0.0 0.0 0.0 0.0 0.0 0.0
36635392 0.0 0.0 0.0 0.0 0.0 0.0
36700928 0.0 0.0 0.0 0.0 0.0 0.0
36766464 0.0 0.0 0.0 0.0 0.0 0.0
36832000 0.0 0.0 0.0 0.0 0.0 0.0
36897536 0.0 0.0 0.0 0.0 0.0 0.0
36963072 0.0 0.0 0.0 0.0 0.0 0.0
37028608 0.0 0.0 0.0 0.0 0.0 0.0
37094144 0.0 0.0 0.0 0.0 0.0 0.0
34014208 0.0 0.0 0.0 0.0 0.0 0.0
34079744 0.0 0.0 0.0 0.0 0.0 0.0
34145280 0.0 0.0 0.0 0.0 0.0 0.0
34210816 0.0 0.0 0.0 0.0 0.0 0.0
34276352 0.0 0.0 0.0 0.0 0.0 0.0
34341888 0.0 0.0 0.0 0.0 0.0 0.0
34407424 0.0 0.0 0.0 0.0 0.0 0.0
34472960 0.0 0.0 0.0 0.0 0.0 0.0
34538496 0.0 0.0 0.0 0.0 0.0 0.0
34604032 0.0 0.0 0.0 0.0 0.0 0.0
34669568 0.0 0.0 0.0 0.0 0.0 0.0
34735104 0.0 0.0 0.0 0.0 0.0 0.0
34800640 0.0 0.0 0.0 0.0 0.0 0.0
34866176 0.0 0.0 0.0 0.0 0.0 0.0
34931712 0.0 0.0 0.0 0.0 0.0 0.0
34997248 0.0 0.0 0.0 0.0 0.0 0.0
35062784 0.0 0.0 0.0 0.0 0.0 0.0
35128320 0.0 0.0 0.0 0.0 0.0 0.0
35193856 0.0 0.0 0.0 0.0 0.0 0.0
35259392 0.0 0.0 0.0 0.0 0.0 0.0
35324928 0.0 0.0 0.0 0.0 0.0 0.0
35390464 0.0 0.0 0.0 0.0 0.0 0.0
35456000 0.0 0.0 0.0 0.0 0.0 0.0
35521536 0.0 0.0 0.0 0.0 0.0 0.0
35587072 0.0 0.0 0.0 0.0 0.0 0.0
35652608 0.0 0.0 0.0 0.0 0.0 0.0
35718144 0.0 0.0 0.0 0.0 0.0 0.0
35783680 0.0 0.0 0.0 0.0 0.0 0.0
35849216 0.0 0.0 0.0 0.0 0.0 0.0
35914752 0.0 0.0 0.0 0.0 0.0 0.0
35980288 0.0 0.0 0.0 0.0 0.0 0.0
36045824 0.0 0.0 0.0 0.0 0.0 0.0
36111360 0.0 0.0 0.0 0.0 0.0 0.0
36176896 0.0 0.0 0.0 0.0 0.0 0.0
36242432 0.0 0.0 0.0 0.0 0.0 0.0
36307968 0.0 0.0 0.0 0.0 0.0 0.0
36373504 0.0 0.0 0.0 0.0 0.0 0.0
36439040 0.0 0.0 0.0 0.0 0.0 0.0
36504576 0.0 0.0 0.0 0.0 0.0 0.0
36570112 0.0 0.0 0.0 0.0 0.0 0.0
36635648 0.0 0.0 0.0 0.0 0.0 0.0
36701184 0.0 0.0 0.0 0.0 0.0 0.0
36766720 0.0 0.0 0.0 0.0 0.0 0.0
36832256 0.0 0.0 0.0 0.0 0.0 0.0
36897792 0.0 0.0 0.0 0.0 0.0 0.0
36963328 0.0 0.0 0.0 0.0 0.0 0.0
37028864 0.0 0.0 0.0 0.0 0.0 0.0
37094400 0.0 0.0 0.0 0.0 0.0 0.0
34014464 0.0 0.0 0.0 0.0 0.0 0.0
34080000 0.0 0.0 0.0 0.0 0.0 0.0
34145536 0.0 0.0 0.0 0.0 0.0 0.0
34211072 0.0 0.0 0.0 0.0 0.0 0.0
34276608 0.0 0.0 0.0 0.0 0.0 0.0
34342144 0.0 0.0 0.0 0.0 0.0 0.0
34407680 0.0 0.0 0.0 0.0 0.0 0.0
34473216 0.0 0.0 0.0 0.0 0.0 0.0
34538752 0.0 0.0 0.0 0.0 0.0 0.0
34604288 0.0 0.0 0.0 0.0 0.0 0.0
34669824 0.0 0.0 0.0 0.0 0.0 0.0
34735360 0.0 0.0 0.0 0.0 0.0 0.0
34800896 0.0 0.0 0.0 0.0 0.0 0.0
34866432 0.0 0.0 0.0 0.0 0.0 0.0
34931968 0.0 0.0 0.0 0.0 0.0 0.0
34997504 0.0 0.0 0.0 0.0 0.0 0.0
35063040 0.0 0.0 0.0 0.0 0.0 0.0
35128576 0.0 0.0 0.0 0.0 0.0 0.0
35194112 0.0 0.0 0.0 0.0 0.0 0.0
35259648 0.0 0.0 0.0 0.0 0.0 0.0
35325184 0.0 0.0 0.0 0.0 0.0 0.0
35390720 0.0 0.0 0.0 0.0 0.0 0.0
35456256 0.0 0.0 0.0 0.0 0.0 0.0
35521792 0.0 0.0 0.0 0.0 0.0 0.0
35587328 0.0 0.0 0.0 0.0 0.0 0.0
35652864 0.0 0.0 0.0 0.0 0.0 0.0
35718400 0.0 0.0 0.0 0.0 0.0 0.0
35783936 0.0 0.0 0.0 0.0 0.0 0.0
35849472 0.0 0.0 0.0 0.0 0.0 0.0
35915008 0.0 0.0 0.0 0.0 0.0 0.0
35980544 0.0 0.0 0.0 0.0 0.0 0.0
36046080 0.0 0.0 0.0 0.0 0.0 0.0
36111616 0.0 0.0 0.0 0.0 0.0 0.0
36177152 0.0 0.0 0.0 0.0 0.0 0.0
36242688 0.0 0.0 0.0 0.0 0.0 0.0
36308224 0.0 0.0 0.0 0.0 0.0 0.0
36373760 0.0 0.0 0.0 0.0 0.0 0.0
36439296 0.0 0.0 0.0 0.0 0.0 0.0
36504832 0.0 0.0 0.0 0.0 0.0 0.0
36570368 0.0 0.0 0.0 0.0 0.0 0.0
36635904 0.0 0.0 0.0 0.0 0.0 0.0
36701440 0.0 0.0 0.0 0.0 0.0 0.0
36766976 0.0 0.0 0.0 0.0 0.0 0.0
36832512 0.0 0.0 0.0 0.0 0.0 0.0
36898048 0.0 0.0 0.0 0.0 0.0 0.0
36963584 0.0 0.0 0.0 0.0 0.0 0.0
37029120 0.0 0.0 0.0 0.0 0.0 0.0
37094656 0.0 0.0 0.0 0.0 0.0 0.0
34014720 0.0 0.0 0.0 0.0 0.0 0.0
34080256 0.0 0.0 0.0 0.0 0.0 0.0
34145792 0.0 0.0 0.0 0.0 0.0 0.0
34211328 0.0 0.0 0.0 0.0 0.0 0.0
34276864 0.0 0.0 0.0 0.0 0.0 0.0
34342400 0.0 0.0 0.0 0.0 0.0 0.0
34407936 0.0 0.0 0.0 0.0 0.0 0.0
34473472 0.0 0.0 0.0 0.0 0.0 0.0
34539008 0.0 0.0 0.0 0.0 0.0 0.0
34604544 0.0 0.0 0.0 0.0 0.0 0.0
34670080 0.0 0.0 0.0 0.0 0.0 0.0
34735616 0.0 0.0 0.0 0.0 0.0 0.0
34801152 0.0 0.0 0.0 0.0 0.0 0.0
34866688 0.0 0.0 0.0 0.0 0.0 0.0
34932224 0.0 0.0 0.0 0.0 0.0 0.0
34997760 0.0 0.0 0.0 0.0 0.0 0.0
35063296 0.0 0.0 0.0 0.0 0.0 0.0
35128832 0.0 0.0 0.0 0.0 0.0 0.0
35194368 0.0 0.0 0.0 0.0 0.0 0.0
35259904 0.0 0.0 0.0 0.0 0.0 0.0
35325440 0.0 0.0 0.0 0.0 0.0 0.0
35390976 0.0 0.0 0.0 0.0 0.0 0.0
35456512 0.0 0.0 0.0 0.0 0.0 0.0
35522048 0.0 0.0 0.0 0.0 0.0 0.0
35587584 0.0 0.0 0.0 0.0 0.0 0.0
35653120 0.0 0.0 0.0 0.0 0.0 0.0
35718656 0.0 0.0 0.0 0.0 0.0 0.0
35784192 0.0 0.0 0.0 0.0 0.0 0.0
35849728 0.0 0.0 0.0 0.0 0.0 0.0
35915264 0.0 0.0 0.0 0.0 0.0 0.0
35980800 0.0 0.0 0.0 0.0 0.0 0.0
36046336 0.0 0.0 0.0 0.0 0.0 0.0
36111872 0.0 0.0 0.0 0.0 0.0 0.0
36177408 0.0 0.0 0.0 0.0 0.0 0.0
36242944 0.0 0.0 0.0 0.0 0.0 0.0
36308480 0.0 0.0 0.0 0.0 0.0 0.0
36374016 0.0 0.0 0.0 0.0 0.0 0.0
36439552 0.0 0.0 0.0 0.0 0.0 0.0
36505088 0.0 0.0 0.0 0.0 0.0 0.0
36570624 0.0 0.0 0.0 0.0 0.0 0.0
36636160 0.0 0.0 0.0 0.0 0.0 0.0
36701696 0.0 0.0 0.0 0.0 0.0 0.0
36767232 0.0 0.0 0.0 0.0 0.0 0.0
36832768 0.0 0.0 0.0 0.0 0.0 0.0
36898304 0.0 0.0 0.0 0.0 0.0 0.0
36963840 0.0 0.0 0.0 0.0 0.0 0.0
37029376 0.0 0.0 0.0 0.0 0.0 0.0
37094912 0.0 0.0 0.0 0.0 0.0 0.0
34014976 0.0 0.0 0.0 0.0 0.0 0.0
34080512 0.0 0.0 0.0 0.0 0.0 0.0
34146048 0.0 0.0 0.0 0.0 0.0 0.0
34211584 0.0 0.0 0.0 0.0 0.0 0.0
34277120 0.0 0.0 0.0 0.0 0.0 0.0
34342656 0.0 0.0 0.0 0.0 0.0 0.0
34408192 0.0 0.0 0.0 0.0 0.0 0.0
34473728 0.0 0.0 0.0 0.0 0.0 0.0
34539264 0.0 0.0 0.0 0.0 0.0 0.0
34604800 0.0 0.0 0.0 0.0 0.0 0.0
34670336 0.0 0.0 0.0 0.0 0.0 0.0
34735872 0.0 0.0 0.0 0.0 0.0 0.0
34801408 0.0 0.0 0.0 0.0 0.0 0.0
34866944 0.0 0.0 0.0 0.0 0.0 0.0
34932480 0.0 0.0 0.0 0.0 0.0 0.0
34998016 0.0 0.0 0.0 0.0 0.0 0.0
35063552 0.0 0.0 0.0 0.0 0.0 0.0
35129088 0.0 0.0 0.0 0.0 0.0 0.0
35194624 0.0 0.0 0.0 0.0 0.0 0.0
35260160 0.0 0.0 0.0 0.0 0.0 0.0
35325696 0.0 0.0 0.0 0.0 0.0 0.0
35391232 0.0 0.0 0.0 0.0 0.0 0.0
35456768 0.0 0.0 0.0 0.0 0.0 0.0
35522304 0.0 0.0 0.0 0.0 0.0 0.0
35587840 0.0 0.0 0.0 0.0 0.0 0.0
35653376 0.0 0.0 0.0 0.0 0.0 0.0
35718912 0.0 0.0 0.0 0.0 0.0 0.0
35784448 0.0 0.0 0.0 0.0 0.0 0.0
35849984 0.0 0.0 0.0 0.0 0.0 0.0
35915520 0.0 0.0 0.0 0.0 0.0 0.0
35981056 0.0 0.0 0.0 0.0 0.0 0.0
36046592 0.0 0.0 0.0 0.0 0.0 0.0
36112128 0.0 0.0 0.0 0.0 0.0 0.0
36177664 0.0 0.0 0.0 0.0 0.0 0.0
36243200 0.0 0.0 0.0 0.0 0.0 0.0
36308736 0.0 0.0 0.0 0.0 0.0 0.0
36374272 0.0 0.0 0.0 0.0 0.0 0.0
36439808 0.0 0.0 0.0 0.0 0.0 0.0
36505344 0.0 0.0 0.0 0.0 0.0 0.0
36570880 0.0 0.0 0.0 0.0 0.0 0.0
36636416 0.0 0.0 0.0 0.0 0.0 0.0
36701952 0.0 0.0 0.0 0.0 0.0 0.0
36767488 0.0 0.0 0.0 0.0 0.0 0.0
36833024 0.0 0.0 0.0 0.0 0.0 0.0
36898560 0.0 0.0 0.0 0.0 0.0 0.0
36964096 0.0 0.0 0.0 0.0 0.0 0.0
37029632 0.0 0.0 0.0 0.0 0.0 0.0
37095168 0.0 0.0 0.0 0.0 0.0 0.0
34015232 0.0 0.0 0.0 0.0 0.0 0.0
34080768 0.0 0.0 0.0 0.0 0.0 0.0
34146304 0.0 0.0 0.0 0.0 0.0 0.0
34211840 0.0 0.0 0.0 0.0 0.0 0.0
34277376 0.0 0.0 0.0 0.0 0.0 0.0
34342912 0.0 0.0 0.0 0.0 0.0 0.0
34408448 0.0 0.0 0.0 0.0 0.0 0.0
34473984 0.0 0.0 0.0 0.0 0.0 0.0
34539520 0.0 0.0 0.0 0.0 0.0 0.0
34605056 0.0 0.0 0.0 0.0 0.0 0.0
34670592 0.0 0.0 0.0 0.0 0.0 0.0
34736128 0.0 0.0 0.0 0.0 0.0 0.0
34801664 0.0 0.0 0.0 0.0 0.0 0.0
34867200 0.0 0.0 0.0 0.0 0.0 0.0
34932736 0.0 0.0 0.0 0.0 0.0 0.0
34998272 0.0 0.0 0.0 0.0 0.0 0.0
35063808 0.0 0.0 0.0 0.0 0.0 0.0
35129344 0.0 0.0 0.0 0.0 0.0 0.0
35194880 0.0 0.0 0.0 0.0 0.0 0.0
35260416 0.0 0.0 0.0 0.0 0.0 0.0
35325952 0.0 0.0 0.0 0.0 0.0 0.0
35391488 0.0 0.0 0.0 0.0 0.0 0.0
35457024 0.0 0.0 0.0 0.0 0.0 0.0
35522560 0.0 0.0 0.0 0.0 0.0 0.0
35588096 0.0 0.0 0.0 0.0 0.0 0.0
35653632 0.0 0.0 0.0 0.0 0.0 0.0
35719168 0.0 0.0 0.0 0.0 0.0 0.0
35784704 0.0 0.0 0.0 0.0 0.0 0.0
35850240 0.0 0.0 0.0 0.0 0.0 0.0
35915776 0.0 0.0 0.0 0.0 0.0 0.0
35981312 0.0 0.0 0.0 0.0 0.0 0.0
36046848 0.0 0.0 0.0 0.0 0.0 0.0
36112384 0.0 0.0 0.0 0.0 0.0 0.0
36177920 0.0 0.0 0.0 0.0 0.0 0.0
36243456 0.0 0.0 0.0 0.0 0.0 0.0
36308992 0.0 0.0 0.0 0.0 0.0 0.0
36374528 0.0 0.0 0.0 0.0 0.0 0.0
36440064 0.0 0.0 0.0 0.0 0.0 0.0
36505600 0.0 0.0 0.0 0.0 0.0 0.0
36571136 0.0 0.0 0.0 0.0 0.0 0.0
36636672 0.0 0.0 0.0 0.0 0.0 0.0
36702208 0.0 0.0 0.0 0.0 0.0 0.0
36767744 0.0 0.0 0.0 0.0 0.0 0.0
36833280 0.0 0.0 0.0 0.0 0.0 0.0
36898816 0.0 0.0 0.0 0.0 0.0 0.0
36964352 0.0 0.0 0.0 0.0 0.0 0.0
37029888 0.0 0.0 0.0 0.0 0.0 0.0
37095424 0.0 0.0 0.0 0.0 0.0 0.0
34015488 0.0 0.0 0.0 0.0 0.0 0.0
34081024 0.0 0.0 0.0 0.0 0.0 0.0
34146560 0.0 0.0 0.0 0.0 0.0 0.0
34212096 0.0 0.0 0.0 0.0 0.0 0.0
34277632 0.0 0.0 0.0 0.0 0.0 0.0
34343168 0.0 0.0 0.0 0.0 0.0 0.0
34408704 0.0 0.0 0.0 0.0 0.0 0.0
34474240 0.0 0.0 0.0 0.0 0.0 0.0
34539776 0.0 0.0 0.0 0.0 0.0 0.0
34605312 0.0 0.0 0.0 0.0 0.0 0.0
34670848 0.0 0.0 0.0 0.0 0.0 0.0
34736384 0.0 0.0 0.0 0.0 0.0 0.0
34801920 0.0 0.0 0.0 0.0 0.0 0.0
34867456 0.0 0.0 0.0 0.0 0.0 0.0
34932992 0.0 0.0 0.0 0.0 0.0 0.0
34998528 0.0 0.0 0.0 0.0 0.0 0.0
35064064 0.0 0.0 0.0 0.0 0.0 0.0
35129600 0.0 0.0 0.0 0.0 0.0 0.0
35195136 0.0 0.0 0.0 0.0 0.0 0.0
35260672 0.0 0.0 0.0 0.0 0.0 0.0
35326208 0.0 0.0 0.0 0.0 0.0 0.0
35391744 0.0 0.0 0.0 0.0 0.0 0.0
35457280 0.0 0.0 0.0 0.0 0.0 0.0
35522816 0.0 0.0 0.0 0.0 0.0 0.0
35588352 0.0 0.0 0.0 0.0 0.0 0.0
35653888 0.0 0.0 0.0 0.0 0.0 0.0
35719424 0.0 0.0 0.0 0.0 0.0 0.0
35784960 0.0 0.0 0.0 0.0 0.0 0.0
35850496 0.0 0.0 0.0 0.0 0.0 0.0
35916032 0.0 0.0 0.0 0.0 0.0 0.0
35981568 0.0 0.0 0.0 0.0 0.0 0.0
36047104 0.0 0.0 0.0 0.0 0.0 0.0
36112640 0.0 0.0 0.0 0.0 0.0 0.0
36178176 0.0 0.0 0.0 0.0 0.0 0.0
36243712 0.0 0.0 0.0 0.0 0.0 0.0
36309248 0.0 0.0 0.0 0.0 0.0 0.0
36374784 0.0 0.0 0.0 0.0 0.0 0.0
36440320 0.0 0.0 0.0 0.0 0.0 0.0
36505856 0.0 0.0 0.0 0.0 0.0 0.0
36571392 0.0 0.0 0.0 0.0 0.0 0.0
36636928 0.0 0.0 0.0 0.0 0.0 0.0
36702464 0.0 0.0 0.0 0.0 0.0 0.0
36768000 0.0 0.0 0.0 0.0 0.0 0.0
36833536 0.0 0.0 0.0 0.0 0.0 0.0
36899072 0.0 0.0 0.0 0.0 0.0 0.0
36964608 0.0 0.0 0.0 0.0 0.0 0.0
37030144 0.0 0.0 0.0 0.0 0.0 0.0
37095680 0.0 0.0 0.0 0.0 0.0 0.0
34015744 0.0 0.0 0.0 0.0 0.0 0.0
34081280 0.0 0.0 0.0 0.0 0.0 0.0
34146816 0.0 0.0 0.0 0.0 0.0 0.0
34212352 0.0 0.0 0.0 0.0 0.0 0.0
34277888 0.0 0.0 0.0 0.0 0.0 0.0
34343424 0.0 0.0 0.0 0.0 0.0 0.0
34408960 0.0 0.0 0.0 0.0 0.0 0.0
34474496 0.0 0.0 0.0 0.0 0.0 0.0
34540032 0.0 0.0 0.0 0.0 0.0 0.0
34605568 0.0 0.0 0.0 0.0 0.0 0.0
34671104 0.0 0.0 0.0 0.0 0.0 0.0
34736640 0.0 0.0 0.0 0.0 0.0 0.0
34802176 0.0 0.0 0.0 0.0 0.0 0.0
34867712 0.0 0.0 0.0 0.0 0.0 0.0
34933248 0.0 0.0 0.0 0.0 0.0 0.0
34998784 0.0 0.0 0.0 0.0 0.0 0.0
35064320 0.0 0.0 0.0 0.0 0.0 0.0
35129856 0.0 0.0 0.0 0.0 0.0 0.0
35195392 0.0 0.0 0.0 0.0 0.0 0.0
35260928 0.0 0.0 0.0 0.0 0.0 0.0
35326464 0.0 0.0 0.0 0.0 0.0 0.0
35392000 0.0 0.0 0.0 0.0 0.0 0.0
35457536 0.0 0.0 0.0 0.0 0.0 0.0
35523072 0.0 0.0 0.0 0.0 0.0 0.0
35588608 0.0 0.0 0.0 0.0 0.0 0.0
35654144 0.0 0.0 0.0 0.0 0.0 0.0
35719680 0.0 0.0 0.0 0.0 0.0 0.0
35785216 0.0 0.0 0.0 0.0 0.0 0.0
35850752 0.0 0.0 0.0 0.0 0.0 0.0
35916288 0.0 0.0 0.0 0.0 0.0 0.0
35981824 0.0 0.0 0.0 0.0 0.0 0.0
36047360 0.0 0.0 0.0 0.0 0.0 0.0
36112896 0.0 0.0 0.0 0.0 0.0 0.0
36178432 0.0 0.0 0.0 0.0 0.0 0.0
36243968 0.0 0.0 0.0 0.0 0.0 0.0
36309504 0.0 0.0 0.0 0.0 0.0 0.0
36375040 0.0 0.0 0.0 0.0 0.0 0.0
36440576 0.0 0.0 0.0 0.0 0.0 0.0
36506112 0.0 0.0 0.0 0.0 0.0 0.0
36571648 0.0 0.0 0.0 0.0 0.0 0.0
36637184 0.0 0.0 0.0 0.0 0.0 0.0
36702720 0.0 0.0 0.0 0.0 0.0 0.0
36768256 0.0 0.0 0.0 0.0 0.0 0.0
36833792 0.0 0.0 0.0 0.0 0.0 0.0
36899328 0.0 0.0 0.0 0.0 0.0 0.0
36964864 0.0 0.0 0.0 0.0 0.0 0.0
37030400 0.0 0.0 0.0 0.0 0.0 0.0
37095936 0.0 0.0 0.0 0.0 0.0 0.0
34016000 0.0 0.0 0.0 0.0 0.0 0.0
34081536 0.0 0.0 0.0 0.0 0.0 0.0
34147072 0.0 0.0 0.0 0.0 0.0 0.0
34212608 0.0 0.0 0.0 0.0 0.0 0.0
34278144 0.0 0.0 0.0 0.0 0.0 0.0
34343680 0.0 0.0 0.0 0.0 0.0 0.0
34409216 0.0 0.0 0.0 0.0 0.0 0.0
34474752 0.0 0.0 0.0 0.0 0.0 0.0
34540288 0.0 0.0 0.0 0.0 0.0 0.0
34605824 0.0 0.0 0.0 0.0 0.0 0.0
34671360 0.0 0.0 0.0 0.0 0.0 0.0
34736896 0.0 0.0 0.0 0.0 0.0 0.0
34802432 0.0 0.0 0.0 0.0 0.0 0.0
34867968 0.0 0.0 0.0 0.0 0.0 0.0
34933504 0.0 0.0 0.0 0.0 0.0 0.0
34999040 0.0 0.0 0.0 0.0 0.0 0.0
35064576 0.0 0.0 0.0 0.0 0.0 0.0
35130112 0.0 0.0 0.0 0.0 0.0 0.0
35195648 0.0 0.0 0.0 0.0 0.0 0.0
35261184 0.0 0.0 0.0 0.0 0.0 0.0
35326720 0.0 0.0 0.0 0.0 0.0 0.0
35392256 0.0 0.0 0.0 0.0 0.0 0.0
35457792 0.0 0.0 0.0 0.0 0.0 0.0
35523328 0.0 0.0 0.0 0.0 0.0 0.0
35588864 0.0 0.0 0.0 0.0 0.0 0.0
35654400 0.0 0.0 0.0 0.0 0.0 0.0
35719936 0.0 0.0 0.0 0.0 0.0 0.0
35785472 0.0 0.0 0.0 0.0 0.0 0.0
35851008 0.0 0.0 0.0 0.0 0.0 0.0
35916544 0.0 0.0 0.0 0.0 0.0 0.0
35982080 0.0 0.0 0.0 0.0 0.0 0.0
36047616 0.0 0.0 0.0 0.0 0.0 0.0
36113152 0.0 0.0 0.0 0.0 0.0 0.0
36178688 0.0 0.0 0.0 0.0 0.0 0.0
36244224 0.0 0.0 0.0 0.0 0.0 0.0
36309760 0.0 0.0 0.0 0.0 0.0 0.0
36375296 0.0 0.0 0.0 0.0 0.0 0.0
36440832 0.0 0.0 0.0 0.0 0.0 0.0
36506368 0.0 0.0 0.0 0.0 0.0 0.0
36571904 0.0 0.0 0.0 0.0 0.0 0.0
36637440 0.0 0.0 0.0 0.0 0.0 0.0
36702976 0.0 0.0 0.0 0.0 0.0 0.0
36768512 0.0 0.0 0.0 0.0 0.0 0.0
36834048 0.0 0.0 0.0 0.0 0.0 0.0
36899584 0.0 0.0 0.0 0.0 0.0 0.0
36965120 0.0 0.0 0.0 0.0 0.0 0.0
37030656 0.0 0.0 0.0 0.0 0.0 0.0
37096192 0.0 0.0 0.0 0.0 0.0 0.0
34013185 0.0 0.0 0.0 0.0 0.0 0.0
34078721 0.0 0.0 0.0 0.0 0.0 0.0
34144257 0.0 0.0 0.0 0.0 0.0 0.0
34209793 0.0 0.0 0.0 0.0 0.0 0.0
34275329 0.0 0.0 0.0 0.0 0.0 0.0
34340865 0.0 0.0 0.0 0.0 0.0 0.0
34406401 0.0 0.0 0.0 0.0 0.0 0.0
34471937 0.0 0.0 0.0 0.0 0.0 0.0
34537473 0.0 0.0 0.0 0.0 0.0 0.0
34603009 0.0 0.0 0.0 0.0 0.0 0.0
34668545 0.0 0.0 0.0 0.0 0.0 0.0
34734081 0.0 0.0 0.0 0.0 0.0 0.0
34799617 0.0 0.0 0.0 0.0 0.0 0.0
34865153 0.0 0.0 0.0 0.0 0.0 0.0
34930689 0.0 0.0 0.0 0.0 0.0 0.0
34996225 0.0 0.0 0.0 0.0 0.0 0.0
35061761 0.0 0.0 0.0 0.0 0.0 0.0
35127297 0.0 0.0 0.0 0.0 0.0 0.0
35192833 0.0 0.0 0.0 0.0 0.0 0.0
35258369 0.0 0.0 0.0 0.0 0.0 0.0
35323905 0.0 0.0 0.0 0.0 0.0 0.0
35389441 0.0 0.0 0.0 0.0 0.0 0.0
35454977 0.0 0.0 0.0 0.0 0.0 0.0
35520513 0.0 0.0 0.0 0.0 0.0 0.0
35586049 0.0 0.0 0.0 0.0 0.0 0.0
35651585 0.0 0.0 0.0 0.0 0.0 0.0
35717121 0.0 0.0 0.0 0.0 0.0 0.0
35782657 0.0 0.0 0.0 0.0 0.0 0.0
35848193 0.0 0.0 0.0 0.0 0.0 0.0
35913729 0.0 0.0 0.0 0.0 0.0 0.0
35979265 0.0 0.0 0.0 0.0 0.0 0.0
36044801 0.0 0.0 0.0 0.0 0.0 0.0
36110337 0.0 0.0 0.0 0.0 0.0 0.0
36175873 0.0 0.0 0.0 0.0 0.0 0.0
36241409 0.0 0.0 0.0 0.0 0.0 0.0
36306945 0.0 0.0 0.0 0.0 0.0 0.0
36372481 0.0 0.0 0.0 0.0 0.0 0.0
36438017 0.0 0.0 0.0 0.0 0.0 0.0
36503553 0.0 0.0 0.0 0.0 0.0 0.0
36569089 0.0 0.0 0.0 0.0 0.0 0.0
36634625 0.0 0.0 0.0 0.0 0.0 0.0
36700161 0.0 0.0 0.0 0.0 0.0 0.0
36765697 0.0 0.0 0.0 0.0 0.0 0.0
36831233 0.0 0.0 0.0 0.0 0.0 0.0
36896769 0.0 0.0 0.0 0.0 0.0 0.0
36962305 0.0 0.0 0.0 0.0 0.0 0.0
37027841 0.0 0.0 0.0 0.0 0.0 0.0
37093377 0.0 0.0 0.0 0.0 0.0 0.0
34013441 0.0 0.0 0.0 0.0 0.0 0.0
34078977 0.0 0.0 0.0 0.0 0.0 0.0
34144513 0.0 0.0 0.0 0.0 0.0 0.0
34210049 0.0 0.0 0.0 0.0 0.0 0.0
34275585 0.0 0.0 0.0 0.0 0.0 0.0
34341121 0.0 0.0 0.0 0.0 0.0 0.0
34406657 0.0 0.0 0.0 0.0 0.0 0.0
34472193 0.0 0.0 0.0 0.0 0.0 0.0
34537729 0.0 0.0 0.0 0.0 0.0 0.0
34603265 0.0 0.0 0.0 0.0 0.0 0.0
34668801 0.0 0.0 0.0 0.0 0.0 0.0
34734337 0.0 0.0 0.0 0.0 0.0 0.0
34799873 0.0 0.0 0.0 0.0 0.0 0.0
34865409 0.0 0.0 0.0 0.0 0.0 0.0
34930945 0.0 0.0 0.0 0.0 0.0 0.0
34996481 0.0 0.0 0.0 0.0 0.0 0.0
35062017 0.0 0.0 0.0 0.0 0.0 0.0
35127553 0.0 0.0 0.0 0.0 0.0 0.0
35193089 0.0 0.0 0.0 0.0 0.0 0.0
35258625 0.0 0.0 0.0 0.0 0.0 0.0
35324161 0.0 0.0 0.0 0.0 0.0 0.0
35389697 0.0 0.0 0.0 0.0 0.0 0.0
35455233 0.0 0.0 0.0 0.0 0.0 0.0
35520769 0.0 0.0 0.0 0.0 0.0 0.0
35586305 0.0 0.0 0.0 0.0 0.0 0.0
35651841 0.0 0.0 0.0 0.0 0.0 0.0
35717377 0.0 0.0 0.0 0.0 0.0 0.0
35782913 0.0 0.0 0.0 0.0 0.0 0.0
35848449 0.0 0.0 0.0 0.0 0.0 0.0
35913985 0.0 0.0 0.0 0.0 0.0 0.0
35979521 0.0 0.0 0.0 0.0 0.0 0.0
36045057 0.0 0.0 0.0 0.0 0.0 0.0
36110593 0.0 0.0 0.0 0.0 0.0 0.0
36176129 0.0 0.0 0.0 0.0 0.0 0.0
36241665 0.0 0.0 0.0 0.0 0.0 0.0
36307201 0.0 0.0 0.0 0.0 0.0 0.0
36372737 0.0 0.0 0.0 0.0 0.0 0.0
36438273 0.0 0.0 0.0 0.0 0.0 0.0
36503809 0.0 0.0 0.0 0.0 0.0 0.0
36569345 0.0 0.0 0.0 0.0 0.0 0.0
36634881 0.0 0.0 0.0 0.0 0.0 0.0
36700417 0.0 0.0 0.0 0.0 0.0 0.0
36765953 0.0 0.0 0.0 0.0 0.0 0.0
36831489 0.0 0.0 0.0 0.0 0.0 0.0
36897025 0.0 0.0 0.0 0.0 0.0 0.0
36962561 0.0 0.0 0.0 0.0 0.0 0.0
37028097 0.0 0.0 0.0 0.0 0.0 0.0
37093633 0.0 0.0 0.0 0.0 0.0 0.0
34013697 0.0 0.0 0.0 0.0 0.0 0.0
34079233 0.0 0.0 0.0 0.0 0.0 0.0
34144769 0.0 0.0 0.0 0.0 0.0 0.0
34210305 0.0 0.0 0.0 0.0 0.0 0.0
34275841 0.0 0.0 0.0 0.0 0.0 0.0
34341377 0.0 0.0 0.0 0.0 0.0 0.0
34406913 0.0 0.0 0.0 0.0 0.0 0.0
34472449 0.0 0.0 0.0 0.0 0.0 0.0
34537985 0.0 0.0 0.0 0.0 0.0 0.0
34603521 0.0 0.0 0.0 0.0 0.0 0.0
34669057 0.0 0.0 0.0 0.0 0.0 0.0
34734593 0.0 0.0 0.0 0.0 0.0 0.0
34800129 0.0 0.0 0.0 0.0 0.0 0.0
34865665 0.0 0.0 0.0 0.0 0.0 0.0
34931201 0.0 0.0 0.0 0.0 0.0 0.0
34996737 0.0 0.0 0.0 0.0 0.0 0.0
35062273 0.0 0.0 0.0 0.0 0.0 0.0
35127809 0.0 0.0 0.0 0.0 0.0 0.0
35193345 0.0 0.0 0.0 0.0 0.0 0.0
35258881 0.0 0.0 0.0 0.0 0.0 0.0
35324417 0.0 0.0 0.0 0.0 0.0 0.0
35389953 0.0 0.0 0.0 0.0 0.0 0.0
35455489 0.0 0.0 0.0 0.0 0.0 0.0
35521025 0.0 0.0 0.0 0.0 0.0 0.0
35586561 0.0 0.0 0.0 0.0 0.0 0.0
35652097 0.0 0.0 0.0 0.0 0.0 0.0
35717633 0.0 0.0 0.0 0.0 0.0 0.0
35783169 0.0 0.0 0.0 0.0 0.0 0.0
35848705 0.0 0.0 0.0 0.0 0.0 0.0
35914241 0.0 0.0 0.0 0.0 0.0 0.0
35979777 0.0 0.0 0.0 0.0 0.0 0.0
36045313 0.0 0.0 0.0 0.0 0.0 0.0
36110849 0.0 0.0 0.0 0.0 0.0 0.0
36176385 0.0 0.0 0.0 0.0 0.0 0.0
36241921 0.0 0.0 0.0 0.0 0.0 0.0
36307457 0.0 0.0 0.0 0.0 0.0 0.0
36372993 0.0 0.0 0.0 0.0 0.0 0.0
36438529 0.0 0.0 0.0 0.0 0.0 0.0
36504065 0.0 0.0 0.0 0.0 0.0 0.0
36569601 0.0 0.0 0.0 0.0 0.0 0.0
36635137 0.0 0.0 0.0 0.0 0.0 0.0
36700673 0.0 0.0 0.0 0.0 0.0 0.0
36766209 0.0 0.0 0.0 0.0 0.0 0.0
36831745 0.0 0.0 0.0 0.0 0.0 0.0
36897281 0.0 0.0 0.0 0.0 0.0 0.0
36962817 0.0 0.0 0.0 0.0 0.0 0.0
37028353 0.0 0.0 0.0 0.0 0.0 0.0
37093889 0.0 0.0 0.0 0.0 0.0 0.0
34013953 0.0 0.0 0.0 0.0 0.0 0.0
34079489 0.0 0.0 0.0 0.0 0.0 0.0
34145025 0.0 0.0 0.0 0.0 0.0 0.0
34210561 0.0 0.0 0.0 0.0 0.0 0.0
34276097 0.0 0.0 0.0 0.0 0.0 0.0
34341633 0.0 0.0 0.0 0.0 0.0 0.0
34407169 0.0 0.0 0.0 0.0 0.0 0.0
34472705 0.0 0.0 0.0 0.0 0.0 0.0
34538241 0.0 0.0 0.0 0.0 0.0 0.0
34603777 0.0 0.0 0.0 0.0 0.0 0.0
34669313 0.0 0.0 0.0 0.0 0.0 0.0
34734849 0.0 0.0 0.0 0.0 0.0 0.0
34800385 0.0 0.0 0.0 0.0 0.0 0.0
34865921 0.0 0.0 0.0 0.0 0.0 0.0
34931457 0.0 0.0 0.0 0.0 0.0 0.0
34996993 0.0 0.0 0.0 0.0 0.0 0.0
35062529 0.0 0.0 0.0 0.0 0.0 0.0
35128065 0.0 0.0 0.0 0.0 0.0 0.0
35193601 0.0 0.0 0.0 0.0 0.0 0.0
35259137 0.0 0.0 0.0 0.0 0.0 0.0
35324673 0.0 0.0 0.0 0.0 0.0 0.0
35390209 0.0 0.0 0.0 0.0 0.0 0.0
35455745 0.0 0.0 0.0 0.0 0.0 0.0
35521281 0.0 0.0 0.0 0.0 0.0 0.0
35586817 0.0 0.0 0.0 0.0 0.0 0.0
35652353 0.0 0.0 0.0 0.0 0.0 0.0
35717889 0.0 0.0 0.0 0.0 0.0 0.0
35783425 0.0 0.0 0.0 0.0 0.0 0.0
35848961 0.0 0.0 0.0 0.0 0.0 0.0
35914497 0.0 0.0 0.0 0.0 0.0 0.0
35980033 0.0 0.0 0.0 0.0 0.0 0.0
36045569 0.0 0.0 0.0 0.0 0.0 0.0
36111105 0.0 0.0 0.0 0.0 0.0 0.0
36176641 0.0 0.0 0.0 0.0 0.0 0.0
36242177 0.0 0.0 0.0 0.0 0.0 0.0
36307713 0.0 0.0 0.0 0.0 0.0 0.0
36373249 0.0 0.0 0.0 0.0 0.0 0.0
36438785 0.0 0.0 0.0 0.0 0.0 0.0
36504321 0.0 0.0 0.0 0.0 0.0 0.0
36569857 0.0 0.0 0.0 0.0 0.0 0.0
36635393 0.0 0.0 0.0 0.0 0.0 0.0
36700929 0.0 0.0 0.0 0.0 0.0 0.0
36766465 0.0 0.0 0.0 0.0 0.0 0.0
36832001 0.0 0.0 0.0 0.0 0.0 0.0
36897537 0.0 0.0 0.0 0.0 0.0 0.0
36963073 0.0 0.0 0.0 0.0 0.0 0.0
37028609 0.0 0.0 0.0 0.0 0.0 0.0
37094145 0.0 0.0 0.0 0.0 0.0 0.0
34014209 0.0 0.0 0.0 0.0 0.0 0.0
34079745 0.0 0.0 0.0 0.0 0.0 0.0
34145281 0.0 0.0 0.0 0.0 0.0 0.0
34210817 0.0 0.0 0.0 0.0 0.0 0.0
34276353 0.0 0.0 0.0 0.0 0.0 0.0
34341889 0.0 0.0 0.0 0.0 0.0 0.0
34407425 0.0 0.0 0.0 0.0 0.0 0.0
34472961 0.0 0.0 0.0 0.0 0.0 0.0
34538497 0.0 0.0 0.0 0.0 0.0 0.0
34604033 0.0 0.0 0.0 0.0 0.0 0.0
34669569 0.0 0.0 0.0 0.0 0.0 0.0
34735105 0.0 0.0 0.0 0.0 0.0 0.0
34800641 0.0 0.0 0.0 0.0 0.0 0.0
34866177 0.0 0.0 0.0 0.0 0.0 0.0
34931713 0.0 0.0 0.0 0.0 0.0 0.0
34997249 0.0 0.0 0.0 0.0 0.0 0.0
35062785 0.0 0.0 0.0 0.0 0.0 0.0
35128321 0.0 0.0 0.0 0.0 0.0 0.0
35193857 0.0 0.0 0.0 0.0 0.0 0.0
35259393 0.0 0.0 0.0 0.0 0.0 0.0
35324929 0.0 0.0 0.0 0.0 0.0 0.0
35390465 0.0 0.0 0.0 0.0 0.0 0.0
35456001 0.0 0.0 0.0 0.0 0.0 0.0
35521537 0.0 0.0 0.0 0.0 0.0 0.0
35587073 0.0 0.0 0.0 0.0 0.0 0.0
35652609 0.0 0.0 0.0 0.0 0.0 0.0
35718145 0.0 0.0 0.0 0.0 0.0 0.0
35783681 0.0 0.0 0.0 0.0 0.0 0.0
35849217 0.0 0.0 0.0 0.0 0.0 0.0
35914753 0.0 0.0 0.0 0.0 0.0 0.0
35980289 0.0 0.0 0.0 0.0 0.0 0.0
36045825 0.0 0.0 0.0 0.0 0.0 0.0
36111361 0.0 0.0 0.0 0.0 0.0 0.0
36176897 0.0 0.0 0.0 0.0 0.0 0.0
36242433 0.0 0.0 0.0 0.0 0.0 0.0
36307969 0.0 0.0 0.0 0.0 0.0 0.0
36373505 0.0 0.0 0.0 0.0 0.0 0.0
36439041 0.0 0.0 0.0 0.0 0.0 0.0
36504577 0.0 0.0 0.0 0.0 0.0 0.0
36570113 0.0 0.0 0.0 0.0 0.0 0.0
36635649 0.0 0.0 0.0 0.0 0.0 0.0
36701185 0.0 0.0 0.0 0.0 0.0 0.0
36766721 0.0 0.0 0.0 0.0 0.0 0.0
36832257 0.0 0.0 0.0 0.0 0.0 0.0
36897793 0.0 0.0 0.0 0.0 0.0 0.0
36963329 0.0 0.0 0.0 0.0 0.0 0.0
37028865 0.0 0.0 0.0 0.0 0.0 0.0
37094401 0.0 0.0 0.0 0.0 0.0 0.0
34014465 0.0 0.0 0.0 0.0 0.0 0.0
34080001 0.0 0.0 0.0 0.0 0.0 0.0
34145537 0.0 0.0 0.0 0.0 0.0 0.0
34211073 0.0 0.0 0.0 0.0 0.0 0.0
34276609 0.0 0.0 0.0 0.0 0.0 0.0
34342145 0.0 0.0 0.0 0.0 0.0 0.0
34407681 0.0 0.0 0.0 0.0 0.0 0.0
34473217 0.0 0.0 0.0 0.0 0.0 0.0
34538753 0.0 0.0 0.0 0.0 0.0 0.0
34604289 0.0 0.0 0.0 0.0 0.0 0.0
34669825 0.0 0.0 0.0 0.0 0.0 0.0
34735361 0.0 0.0 0.0 0.0 0.0 0.0
34800897 0.0 0.0 0.0 0.0 0.0 0.0
34866433 0.0 0.0 0.0 0.0 0.0 0.0
34931969 0.0 0.0 0.0 0.0 0.0 0.0
34997505 0.0 0.0 0.0 0.0 0.0 0.0
35063041 0.0 0.0 0.0 0.0 0.0 0.0
35128577 0.0 0.0 0.0 0.0 0.0 0.0
35194113 0.0 0.0 0.0 0.0 0.0 0.0
35259649 0.0 0.0 0.0 0.0 0.0 0.0
35325185 0.0 0.0 0.0 0.0 0.0 0.0
35390721 0.0 0.0 0.0 0.0 0.0 0.0
35456257 0.0 0.0 0.0 0.0 0.0 0.0
35521793 0.0 0.0 0.0 0.0 0.0 0.0
35587329 0.0 0.0 0.0 0.0 0.0 0.0
35652865 0.0 0.0 0.0 0.0 0.0 0.0
35718401 0.0 0.0 0.0 0.0 0.0 0.0
35783937 0.0 0.0 0.0 0.0 0.0 0.0
35849473 0.0 0.0 0.0 0.0 0.0 0.0
35915009 0.0 0.0 0.0 0.0 0.0 0.0
35980545 0.0 0.0 0.0 0.0 0.0 0.0
36046081 0.0 0.0 0.0 0.0 0.0 0.0
36111617 0.0 0.0 0.0 0.0 0.0 0.0
36177153 0.0 0.0 0.0 0.0 0.0 0.0
36242689 0.0 0.0 0.0 0.0 0.0 0.0
36308225 0.0 0.0 0.0 0.0 0.0 0.0
36373761 0.0 0.0 0.0 0.0 0.0 0.0
36439297 0.0 0.0 0.0 0.0 0.0 0.0
36504833 0.0 0.0 0.0 0.0 0.0 0.0
36570369 0.0 0.0 0.0 0.0 0.0 0.0
36635905 0.0 0.0 0.0 0.0 0.0 0.0
36701441 0.0 0.0 0.0 0.0 0.0 0.0
36766977 0.0 0.0 0.0 0.0 0.0 0.0
36832513 0.0 0.0 0.0 0.0 0.0 0.0
36898049 0.0 0.0 0.0 0.0 0.0 0.0
36963585 0.0 0.0 0.0 0.0 0.0 0.0
37029121 0.0 0.0 0.0 0.0 0.0 0.0
37094657 0.0 0.0 0.0 0.0 0.0 0.0
34014721 0.0 0.0 0.0 0.0 0.0 0.0
34080257 0.0 0.0 0.0 0.0 0.0 0.0
34145793 0.0 0.0 0.0 0.0 0.0 0.0
34211329 0.0 0.0 0.0 0.0 0.0 0.0
34276865 0.0 0.0 0.0 0.0 0.0 0.0
34342401 0.0 0.0 0.0 0.0 0.0 0.0
34407937 0.0 0.0 0.0 0.0 0.0 0.0
34473473 0.0 0.0 0.0 0.0 0.0 0.0
34539009 0.0 0.0 0.0 0.0 0.0 0.0
34604545 0.0 0.0 0.0 0.0 0.0 0.0
34670081 0.0 0.0 0.0 0.0 0.0 0.0
34735617 0.0 0.0 0.0 0.0 0.0 0.0
34801153 0.0 0.0 0.0 0.0 0.0 0.0
34866689 0.0 0.0 0.0 0.0 0.0 0.0
34932225 0.0 0.0 0.0 0.0 0.0 0.0
34997761 0.0 0.0 0.0 0.0 0.0 0.0
35063297 0.0 0.0 0.0 0.0 0.0 0.0
35128833 0.0 0.0 0.0 0.0 0.0 0.0
35194369 0.0 0.0 0.0 0.0 0.0 0.0
35259905 0.0 0.0 0.0 0.0 0.0 0.0
35325441 0.0 0.0 0.0 0.0 0.0 0.0
35390977 0.0 0.0 0.0 0.0 0.0 0.0
35456513 0.0 0.0 0.0 0.0 0.0 0.0
35522049 0.0 0.0 0.0 0.0 0.0 0.0
35587585 0.0 0.0 0.0 0.0 0.0 0.0
35653121 0.0 0.0 0.0 0.0 0.0 0.0
35718657 0.0 0.0 0.0 0.0 0.0 0.0
35784193 0.0 0.0 0.0 0.0 0.0 0.0
35849729 0.0 0.0 0.0 0.0 0.0 0.0
35915265 0.0 0.0 0.0 0.0 0.0 0.0
35980801 0.0 0.0 0.0 0.0 0.0 0.0
36046337 0.0 0.0 0.0 0.0 0.0 0.0
36111873 0.0 0.0 0.0 0.0 0.0 0.0
36177409 0.0 0.0 0.0 0.0 0.0 0.0
36242945 0.0 0.0 0.0 0.0 0.0 0.0
36308481 0.0 0.0 0.0 0.0 0.0 0.0
36374017 0.0 0.0 0.0 0.0 0.0 0.0
36439553 0.0 0.0 0.0 0.0 0.0 0.0
36505089 0.0 0.0 0.0 0.0 0.0 0.0
36570625 0.0 0.0 0.0 0.0 0.0 0.0
36636161 0.0 0.0 0.0 0.0 0.0 0.0
36701697 0.0 0.0 0.0 0.0 0.0 0.0
36767233 0.0 0.0 0.0 0.0 0.0 0.0
36832769 0.0 0.0 0.0 0.0 0.0 0.0
36898305 0.0 0.0 0.0 0.0 0.0 0.0
36963841 0.0 0.0 0.0 0.0 0.0 0.0
37029377 0.0 0.0 0.0 0.0 0.0 0.0
37094913 0.0 0.0 0.0 0.0 0.0 0.0
34014977 0.0 0.0 0.0 0.0 0.0 0.0
34080513 0.0 0.0 0.0 0.0 0.0 0.0
34146049 0.0 0.0 0.0 0.0 0.0 0.0
34211585 0.0 0.0 0.0 0.0 0.0 0.0
34277121 0.0 0.0 0.0 0.0 0.0 0.0
34342657 0.0 0.0 0.0 0.0 0.0 0.0
34408193 0.0 0.0 0.0 0.0 0.0 0.0
34473729 0.0 0.0 0.0 0.0 0.0 0.0
34539265 0.0 0.0 0.0 0.0 0.0 0.0
34604801 0.0 0.0 0.0 0.0 0.0 0.0
34670337 0.0 0.0 0.0 0.0 0.0 0.0
34735873 0.0 0.0 0.0 0.0 0.0 0.0
34801409 0.0 0.0 0.0 0.0 0.0 0.0
34866945 0.0 0.0 0.0 0.0 0.0 0.0
34932481 0.0 0.0 0.0 0.0 0.0 0.0
34998017 0.0 0.0 0.0 0.0 0.0 0.0
35063553 0.0 0.0 0.0 0.0 0.0 0.0
35129089 0.0 0.0 0.0 0.0 0.0 0.0
35194625 0.0 0.0 0.0 0.0 0.0 0.0
35260161 0.0 0.0 0.0 0.0 0.0 0.0
35325697 0.0 0.0 0.0 0.0 0.0 0.0
35391233 0.0 0.0 0.0 0.0 0.0 0.0
35456769 0.0 0.0 0.0 0.0 0.0 0.0
35522305 0.0 0.0 0.0 0.0 0.0 0.0
35587841 0.0 0.0 0.0 0.0 0.0 0.0
35653377 0.0 0.0 0.0 0.0 0.0 0.0
35718913 0.0 0.0 0.0 0.0 0.0 0.0
35784449 0.0 0.0 0.0 0.0 0.0 0.0
35849985 0.0 0.0 0.0 0.0 0.0 0.0
35915521 0.0 0.0 0.0 0.0 0.0 0.0
35981057 0.0 0.0 0.0 0.0 0.0 0.0
36046593 0.0 0.0 0.0 0.0 0.0 0.0
36112129 0.0 0.0 0.0 0.0 0.0 0.0
36177665 0.0 0.0 0.0 0.0 0.0 0.0
36243201 0.0 0.0 0.0 0.0 0.0 0.0
36308737 0.0 0.0 0.0 0.0 0.0 0.0
36374273 0.0 0.0 0.0 0.0 0.0 0.0
36439809 0.0 0.0 0.0 0.0 0.0 0.0
36505345 0.0 0.0 0.0 0.0 0.0 0.0
36570881 0.0 0.0 0.0 0.0 0.0 0.0
36636417 0.0 0.0 0.0 0.0 0.0 0.0
36701953 0.0 0.0 0.0 0.0 0.0 0.0
36767489 0.0 0.0 0.0 0.0 0.0 0.0
36833025 0.0 0.0 0.0 0.0 0.0 0.0
36898561 0.0 0.0 0.0 0.0 0.0 0.0
36964097 0.0 0.0 0.0 0.0 0.0 0.0
37029633 0.0 0.0 0.0 0.0 0.0 0.0
37095169 0.0 0.0 0.0 0.0 0.0 0.0
34015233 0.0 0.0 0.0 0.0 0.0 0.0
34080769 0.0 0.0 0.0 0.0 0.0 0.0
34146305 0.0 0.0 0.0 0.0 0.0 0.0
34211841 0.0 0.0 0.0 0.0 0.0 0.0
34277377 0.0 0.0 0.0 0.0 0.0 0.0
34342913 0.0 0.0 0.0 0.0 0.0 0.0
34408449 0.0 0.0 0.0 0.0 0.0 0.0
34473985 0.0 0.0 0.0 0.0 0.0 0.0
34539521 0.0 0.0 0.0 0.0 0.0 0.0
34605057 0.0 0.0 0.0 0.0 0.0 0.0
34670593 0.0 0.0 0.0 0.0 0.0 0.0
34736129 0.0 0.0 0.0 0.0 0.0 0.0
34801665 0.0 0.0 0.0 0.0 0.0 0.0
34867201 0.0 0.0 0.0 0.0 0.0 0.0
34932737 0.0 0.0 0.0 0.0 0.0 0.0
34998273 0.0 0.0 0.0 0.0 0.0 0.0
35063809 0.0 0.0 0.0 0.0 0.0 0.0
35129345 0.0 0.0 0.0 0.0 0.0 0.0
35194881 0.0 0.0 0.0 0.0 0.0 0.0
35260417 0.0 0.0 0.0 0.0 0.0 0.0
35325953 0.0 0.0 0.0 0.0 0.0 0.0
35391489 0.0 0.0 0.0 0.0 0.0 0.0
35457025 0.0 0.0 0.0 0.0 0.0 0.0
35522561 0.0 0.0 0.0 0.0 0.0 0.0
35588097 0.0 0.0 0.0 0.0 0.0 0.0
35653633 0.0 0.0 0.0 0.0 0.0 0.0
35719169 0.0 0.0 0.0 0.0 0.0 0.0
35784705 0.0 0.0 0.0 0.0 0.0 0.0
35850241 0.0 0.0 0.0 0.0 0.0 0.0
35915777 0.0 0.0 0.0 0.0 0.0 0.0
35981313 0.0 0.0 0.0 0.0 0.0 0.0
36046849 0.0 0.0 0.0 0.0 0.0 0.0
36112385 0.0 0.0 0.0 0.0 0.0 0.0
36177921 0.0 0.0 0.0 0.0 0.0 0.0
36243457 0.0 0.0 0.0 0.0 0.0 0.0
36308993 0.0 0.0 0.0 0.0 0.0 0.0
36374529 0.0 0.0 0.0 0.0 0.0 0.0
36440065 0.0 0.0 0.0 0.0 0.0 0.0
36505601 0.0 0.0 0.0 0.0 0.0 0.0
36571137 0.0 0.0 0.0 0.0 0.0 0.0
36636673 0.0 0.0 0.0 0.0 0.0 0.0
36702209 0.0 0.0 0.0 0.0 0.0 0.0
36767745 0.0 0.0 0.0 0.0 0.0 0.0
36833281 0.0 0.0 0.0 0.0 0.0 0.0
36898817 0.0 0.0 0.0 0.0 0.0 0.0
36964353 0.0 0.0 0.0 0.0 0.0 0.0
37029889 0.0 0.0 0.0 0.0 0.0 0.0
37095425 0.0 0.0 0.0 0.0 0.0 0.0
34015489 0.0 0.0 0.0 0.0 0.0 0.0
34081025 0.0 0.0 0.0 0.0 0.0 0.0
34146561 0.0 0.0 0.0 0.0 0.0 0.0
34212097 0.0 0.0 0.0 0.0 0.0 0.0
34277633 0.0 0.0 0.0 0.0 0.0 0.0
34343169 0.0 0.0 0.0 0.0 0.0 0.0
34408705 0.0 0.0 0.0 0.0 0.0 0.0
34474241 0.0 0.0 0.0 0.0 0.0 0.0
34539777 0.0 0.0 0.0 0.0 0.0 0.0
34605313 0.0 0.0 0.0 0.0 0.0 0.0
34670849 0.0 0.0 0.0 0.0 0.0 0.0
34736385 0.0 0.0 0.0 0.0 0.0 0.0
34801921 0.0 0.0 0.0 0.0 0.0 0.0
34867457 0.0 0.0 0.0 0.0 0.0 0.0
34932993 0.0 0.0 0.0 0.0 0.0 0.0
34998529 0.0 0.0 0.0 0.0 0.0 0.0
35064065 0.0 0.0 0.0 0.0 0.0 0.0
35129601 0.0 0.0 0.0 0.0 0.0 0.0
35195137 0.0 0.0 0.0 0.0 0.0 0.0
35260673 0.0 0.0 0.0 0.0 0.0 0.0
35326209 0.0 0.0 0.0 0.0 0.0 0.0
35391745 0.0 0.0 0.0 0.0 0.0 0.0
35457281 0.0 0.0 0.0 0.0 0.0 0.0
35522817 0.0 0.0 0.0 0.0 0.0 0.0
35588353 0.0 0.0 0.0 0.0 0.0 0.0
35653889 0.0 0.0 0.0 0.0 0.0 0.0
35719425 0.0 0.0 0.0 0.0 0.0 0.0
35784961 0.0 0.0 0.0 0.0 0.0 0.0
35850497 0.0 0.0 0.0 0.0 0.0 0.0
35916033 0.0 0.0 0.0 0.0 0.0 0.0
35981569 0.0 0.0 0.0 0.0 0.0 0.0
36047105 0.0 0.0 0.0 0.0 0.0 0.0
36112641 0.0 0.0 0.0 0.0 0.0 0.0
36178177 0.0 0.0 0.0 0.0 0.0 0.0
36243713 0.0 0.0 0.0 0.0 0.0 0.0
36309249 0.0 0.0 0.0 0.0 0.0 0.0
36374785 0.0 0.0 0.0 0.0 0.0 0.0
36440321 0.0 0.0 0.0 0.0 0.0 0.0
36505857 0.0 0.0 0.0 0.0 0.0 0.0
36571393 0.0 0.0 0.0 0.0 0.0 0.0
36636929 0.0 0.0 0.0 0.0 0.0 0.0
36702465 0.0 0.0 0.0 0.0 0.0 0.0
36768001 0.0 0.0 0.0 0.0 0.0 0.0
36833537 0.0 0.0 0.0 0.0 0.0 0.0
36899073 0.0 0.0 0.0 0.0 0.0 0.0
36964609 0.0 0.0 0.0 0.0 0.0 0.0
37030145 0.0 0.0 0.0 0.0 0.0 0.0
37095681 0.0 0.0 0.0 0.0 0.0 0.0
34015745 0.0 0.0 0.0 0.0 0.0 0.0
34081281 0.0 0.0 0.0 0.0 0.0 0.0
34146817 0.0 0.0 0.0 0.0 0.0 0.0
34212353 0.0 0.0 0.0 0.0 0.0 0.0
34277889 0.0 0.0 0.0 0.0 0.0 0.0
34343425 0.0 0.0 0.0 0.0 0.0 0.0
34408961 0.0 0.0 0.0 0.0 0.0 0.0
34474497 0.0 0.0 0.0 0.0 0.0 0.0
34540033 0.0 0.0 0.0 0.0 0.0 0.0
34605569 0.0 0.0 0.0 0.0 0.0 0.0
34671105 0.0 0.0 0.0 0.0 0.0 0.0
34736641 0.0 0.0 0.0 0.0 0.0 0.0
34802177 0.0 0.0 0.0 0.0 0.0 0.0
34867713 0.0 0.0 0.0 0.0 0.0 0.0
34933249 0.0 0.0 0.0 0.0 0.0 0.0
34998785 0.0 0.0 0.0 0.0 0.0 0.0
35064321 0.0 0.0 0.0 0.0 0.0 0.0
35129857 0.0 0.0 0.0 0.0 0.0 0.0
35195393 0.0 0.0 0.0 0.0 0.0 0.0
35260929 0.0 0.0 0.0 0.0 0.0 0.0
35326465 0.0 0.0 0.0 0.0 0.0 0.0
35392001 0.0 0.0 0.0 0.0 0.0 0.0
35457537 0.0 0.0 0.0 0.0 0.0 0.0
35523073 0.0 0.0 0.0 0.0 0.0 0.0
35588609 0.0 0.0 0.0 0.0 0.0 0.0
35654145 0.0 0.0 0.0 0.0 0.0 0.0
35719681 0.0 0.0 0.0 0.0 0.0 0.0
35785217 0.0 0.0 0.0 0.0 0.0 0.0
35850753 0.0 0.0 0.0 0.0 0.0 0.0
35916289 0.0 0.0 0.0 0.0 0.0 0.0
35981825 0.0 0.0 0.0 0.0 0.0 0.0
36047361 0.0 0.0 0.0 0.0 0.0 0.0
36112897 0.0 0.0 0.0 0.0 0.0 0.0
36178433 0.0 0.0 0.0 0.0 0.0 0.0
36243969 0.0 0.0 0.0 0.0 0.0 0.0
36309505 0.0 0.0 0.0 0.0 0.0 0.0
36375041 0.0 0.0 0.0 0.0 0.0 0.0
36440577 0.0 0.0 0.0 0.0 0.0 0.0
36506113 0.0 0.0 0.0 0.0 0.0 0.0
36571649 0.0 0.0 0.0 0.0 0.0 0.0
36637185 0.0 0.0 0.0 0.0 0.0 0.0
36702721 0.0 0.0 0.0 0.0 0.0 0.0
36768257 0.0 0.0 0.0 0.0 0.0 0.0
36833793 0.0 0.0 0.0 0.0 0.0 0.0
36899329 0.0 0.0 0.0 0.0 0.0 0.0
36964865 0.0 0.0 0.0 0.0 0.0 0.0
37030401 0.0 0.0 0.0 0.0 0.0 0.0
37095937 0.0 0.0 0.0 0.0 0.0 0.0
34016001 0.0 0.0 0.0 0.0 0.0 0.0
34081537 0.0 0.0 0.0 0.0 0.0 0.0
34147073 0.0 0.0 0.0 0.0 0.0 0.0
34212609 0.0 0.0 0.0 0.0 0.0 0.0
34278145 0.0 0.0 0.0 0.0 0.0 0.0
34343681 0.0 0.0 0.0 0.0 0.0 0.0
34409217 0.0 0.0 0.0 0.0 0.0 0.0
34474753 0.0 0.0 0.0 0.0 0.0 0.0
34540289 0.0 0.0 0.0 0.0 0.0 0.0
34605825 0.0 0.0 0.0 0.0 0.0 0.0
34671361 0.0 0.0 0.0 0.0 0.0 0.0
34736897 0.0 0.0 0.0 0.0 0.0 0.0
34802433 0.0 0.0 0.0 0.0 0.0 0.0
34867969 0.0 0.0 0.0 0.0 0.0 0.0
34933505 0.0 0.0 0.0 0.0 0.0 0.0
34999041 0.0 0.0 0.0 0.0 0.0 0.0
35064577 0.0 0.0 0.0 0.0 0.0 0.0
35130113 0.0 0.0 0.0 0.0 0.0 0.0
35195649 0.0 0.0 0.0 0.0 0.0 0.0
35261185 0.0 0.0 0.0 0.0 0.0 0.0
35326721 0.0 0.0 0.0 0.0 0.0 0.0
35392257 0.0 0.0 0.0 0.0 0.0 0.0
35457793 0.0 0.0 0.0 0.0 0.0 0.0
35523329 0.0 0.0 0.0 0.0 0.0 0.0
35588865 0.0 0.0 0.0 0.0 0.0 0.0
35654401 0.0 0.0 0.0 0.0 0.0 0.0
35719937 0.0 0.0 0.0 0.0 0.0 0.0
35785473 0.0 0.0 0.0 0.0 0.0 0.0
35851009 0.0 0.0 0.0 0.0 0.0 0.0
35916545 0.0 0.0 0.0 0.0 0.0 0.0
35982081 0.0 0.0 0.0 0.0 0.0 0.0
36047617 0.0 0.0 0.0 0.0 0.0 0.0
36113153 0.0 0.0 0.0 0.0 0.0 0.0
36178689 0.0 0.0 0.0 0.0 0.0 0.0
36244225 0.0 0.0 0.0 0.0 0.0 0.0
36309761 0.0 0.0 0.0 0.0 0.0 0.0
36375297 0.0 0.0 0.0 0.0 0.0 0.0
36440833 0.0 0.0 0.0 0.0 0.0 0.0
36506369 0.0 0.0 0.0 0.0 0.0 0.0
36571905 0.0 0.0 0.0 0.0 0.0 0.0
36637441 0.0 0.0 0.0 0.0 0.0 0.0
36702977 0.0 0.0 0.0 0.0 0.0 0.0
36768513 0.0 0.0 0.0 0.0 0.0 0.0
36834049 0.0 0.0 0.0 0.0 0.0 0.0
36899585 0.0 0.0 0.0 0.0 0.0 0.0
36965121 0.0 0.0 0.0 0.0 0.0 0.0
37030657 0.0 0.0 0.0 0.0 0.0 0.0
37096193 0.0 0.0 0.0 0.0 0.0 0.0
53936384 0.0 0.0 0.0 0.0 0.0 0.0
53936385 0.0 0.0 0.0 0.0 0.0 0.0
53936386 0.0 0.0 0.0 0.0 0.0 0.0
53936387 0.0 0.0 0.0 0.0 0.0 0.0
53936388 0.0 0.0 0.0 0.0 0.0 0.0
53936389 0.0 0.0 0.0 0.0 0.0 0.0
53936390 0.0 0.0 0.0 0.0 0.0 0.0
53936391 0.0 0.0 0.0 0.0 0.0 0.0
54001664 0.0 0.0 0.0 0.0 0.0 0.0
54001665 0.0 0.0 0.0 0.0 0.0 0.0
54001666 0.0 0.0 0.0 0.0 0.0 0.0
54001667 0.0 0.0 0.0 0.0 0.0 0.0
54001668 0.0 0.0 0.0 0.0 0.0 0.0
54001669 0.0 0.0 0.0 0.0 0.0 0.0
54001670 0.0 0.0 0.0 0.0 0.0 0.0
54001671 0.0 0.0 0.0 0.0 0.0 0.0
